t__s,ACT_TILT_CENTER_REAR.Position_CMD,ACT_TILT_CENTER_REAR.Position_FB,ACT_TILT_CENTER_REAR.Torque_FB,ACT_TILT_CENTER_REAR.Temperature_FB__dC,ACT_TILT_CENTER_REAR.Voltage_FB__V
0.072016,7965,7964,0,23,6.07
0.172039,7965,7964,0,23,6.07
0.272009,7965,7964,0,23,6.07
0.372039,7965,7964,0,23,6.07
0.472059,7965,7964,0,23,6.07
0.572038,7965,7964,0,23,6.07
0.672044,7965,7964,0,23,6.07
0.772045,7965,7964,0,23,6.07
0.872032,7965,7964,0,23,6.07
0.972036,7965,7964,0,23,6.07
1.072008,7146,7628,2264,23,6.07
1.172037,6574,6708,2264,23,6.07
1.272008,6526,6524,2264,23,7.39
1.372039,6526,6520,93,23,7.39
1.472007,6526,6524,93,23,7.4
1.572029,6526,6520,93,23,7.4
1.67201,6526,6520,93,23,7.4
1.772046,6526,6520,0,23,7.4
1.872008,6526,6520,0,23,7.4
1.972038,6526,6520,0,23,7.4
2.072008,6526,6520,93,23,7.4
2.172039,6526,6524,93,23,7.4
2.272008,6526,6524,93,23,7.4
2.372037,6526,6524,0,23,7.4
2.472007,6526,6520,0,23,7.4
2.572039,6526,6520,0,24,7.4
2.672009,6526,6524,0,24,7.4
2.772041,6526,6520,0,24,7.4
2.872008,6526,6524,0,24,7.4
2.972046,6526,6520,0,24,7.4
3.072009,6526,6524,0,24,7.4
3.172047,6526,6524,0,24,7.4
3.272007,6526,6524,0,24,7.4
3.372037,6526,6524,0,24,7.4
3.472008,6526,6524,0,24,7.4
3.572048,6526,6524,0,24,7.4
3.672006,6526,6524,0,24,7.4
3.772039,6526,6524,0,24,7.4
3.872007,6526,6524,0,24,7.4
3.972037,6526,6524,0,24,7.4
4.072007,6526,6524,0,24,7.4
4.172039,6526,6524,0,24,7.4
4.272008,6526,6524,0,24,7.4
4.372048,6526,6524,0,24,7.4
4.472008,6526,6524,0,24,7.4
4.572037,6526,6524,0,24,7.4
4.672008,6526,6524,0,24,7.4
4.772039,6526,6524,0,24,7.4
4.872008,6526,6524,0,24,7.4
4.972038,6526,6524,0,24,7.4
5.072009,6526,6524,0,24,7.4
5.172039,6526,6524,0,24,7.4
5.27201,6526,6524,0,24,7.38
5.372037,6526,6524,0,24,7.38
5.472017,6526,6524,0,24,7.38
5.572038,6526,6524,0,24,7.38
5.672009,6526,6524,0,24,7.4
5.77204,6526,6524,0,24,7.4
5.872009,6526,6524,0,24,7.4
5.972047,6526,6524,0,24,7.39
6.072008,6526,6524,0,24,7.39
6.17204,6526,6524,0,24,7.39
6.272009,6526,6524,0,24,6.08
6.372047,6526,6524,0,24,6.08
6.472009,6526,6524,0,24,6.07
6.572038,6526,6524,0,24,6.07
6.672009,6526,6524,0,24,6.08
6.772046,6526,6524,0,24,6.08
6.872008,6526,6524,0,24,6.08
6.972015,6526,6524,0,24,6.08
7.072008,6526,6524,0,24,6.08
7.172076,6526,6524,0,24,6.08
7.272007,6526,6524,0,24,6.07
7.372051,6526,6524,0,24,6.07
7.472015,6526,6524,0,24,6.08
7.572039,6526,6524,0,24,6.08
7.672009,6526,6524,0,24,6.07
7.772036,6526,6524,0,24,6.07
7.872017,6526,6524,0,24,6.07
7.97204,6526,6524,0,24,6.07
8.072009,6526,6524,0,24,6.07
8.17204,6526,6524,0,24,6.07
8.272008,6526,6524,0,24,6.06
8.372046,6526,6524,0,24,6.06
8.472009,6526,6524,0,24,6.07
8.572039,6526,6524,0,24,6.07
8.672017,6526,6524,0,24,6.07
8.772039,6526,6524,0,24,6.07
8.872008,6526,6524,0,24,6.07
8.972038,6526,6524,0,24,5.98
9.072015,6526,6524,0,24,5.98
9.172038,6526,6524,0,24,5.98
9.272008,6526,6524,0,24,6.07
9.37204,6526,6524,163,24,6.07
9.47201,6526,6524,163,24,6.06
9.572038,6526,6524,163,24,6.06
9.672008,6526,6524,163,24,6.06
9.772039,6526,6524,0,24,6.06
9.872008,6526,6524,0,24,6.06
9.972039,6526,6524,0,24,6.07
10.072007,6526,6524,0,24,6.07
10.17204,6526,6524,0,24,6.07
10.272008,6526,6524,0,24,5.98
10.372046,6526,6524,0,24,5.98
10.472009,6526,6524,0,24,6.07
10.57204,6526,6524,0,24,6.07
10.672008,6526,6524,0,24,6.07
10.772038,6526,6524,0,24,6.07
10.872008,6526,6524,0,24,6.07
10.972038,6526,6524,0,24,6.07
11.071974,6526,6524,0,24,6.07
11.172046,6526,6524,0,24,6.07
11.272002,6526,6524,0,24,6.08
11.372038,6526,6524,0,24,6.08
11.471973,6526,6524,0,24,6.08
11.57204,6526,6524,0,23,6.08
11.671992,6526,6524,0,23,6.08
11.772039,6526,6524,0,23,6.08
11.872024,6526,6524,0,23,6.08
11.972039,6526,6524,0,23,6.02
12.072028,6526,6524,0,23,6.02
12.172038,6526,6524,0,23,6.02
12.272009,6526,6524,0,23,6.08
12.372047,6526,6524,0,23,6.08
12.472009,6526,6524,0,23,6.08
12.572038,6526,6524,0,23,6.08
12.672009,6526,6524,0,23,6.07
12.77204,6526,6524,0,23,6.07
12.872007,6526,6524,0,23,6.07
12.97205,6526,6524,0,23,6.01
13.072006,6526,6524,0,23,6.01
13.172045,6526,6524,0,23,6.01
13.272006,6526,6520,0,23,6.08
13.372039,6526,6524,0,23,6.08
13.472008,6526,6524,0,23,6.08
13.57206,6526,6524,0,23,6.08
13.672008,6526,6524,0,23,6.08
13.772027,6526,6524,0,23,6.08
13.872008,6526,6524,0,23,6.08
13.972078,6526,6524,0,23,6.08
14.072009,6526,6524,0,23,6.08
14.172066,6526,6524,0,23,6.08
14.272008,6526,6524,0,23,6.07
14.372063,6526,6524,0,23,6.07
14.472007,6526,6524,0,23,6.08
14.572039,6526,6524,0,23,6.08
14.672007,6526,6524,0,23,6.07
14.772038,6526,6524,0,23,6.07
14.872008,6526,6524,0,23,6.07
14.972044,6526,6524,0,23,6.08
15.072009,6526,6524,0,23,6.08
15.172047,6526,6524,0,23,6.08
15.272008,6526,6520,0,23,6.07
15.372038,6526,6520,204,23,6.07
15.472016,6526,6524,204,23,6.07
15.572046,6526,6524,204,23,6.07
15.672009,6526,6520,204,23,6.07
15.772039,6526,6524,0,23,6.07
15.872014,6526,6524,0,23,6.07
15.972038,6526,6524,0,23,6.06
16.072009,6526,6524,0,23,6.06
16.172046,6526,6524,0,23,6.06
16.272009,6526,6524,0,23,6.06
16.372039,6526,6520,0,23,6.06
16.472016,6526,6524,0,23,6.05
16.572042,6526,6524,0,23,6.05
16.672009,6526,6524,0,23,6.07
16.772037,6526,6524,0,23,6.07
16.872017,6526,6524,0,23,6.07
16.972039,6526,6524,0,23,6.07
17.072007,6526,6524,0,23,6.07
17.172055,6526,6524,0,23,6.07
17.272017,6526,6524,0,23,6.06
17.37204,6526,6524,0,23,6.06
17.47203,6526,6524,0,23,6.06
17.572039,6526,6520,0,23,6.06
17.67206,6526,6524,0,23,6.06
17.77204,6526,6524,163,23,6.06
17.872032,6526,6524,163,23,6.06
17.97204,6526,6524,163,23,6.07
18.072037,6526,6524,0,23,6.07
18.172039,6526,6524,0,23,6.07
18.272007,6526,6524,0,23,5.96
18.372037,6526,6524,0,23,5.96
18.472007,6526,6524,0,23,6.07
18.572047,6526,6524,0,23,6.07
18.672009,6526,6520,0,23,6.07
18.77204,6526,6524,0,23,6.07
18.872009,6526,6524,0,23,6.07
18.972045,6526,6524,0,23,6.08
19.072008,6526,6524,0,23,6.08
19.17204,6526,6524,0,23,6.08
19.272025,6526,6524,0,23,6.07
19.372037,6526,6524,0,23,6.07
19.472008,6526,6524,0,23,6.07
19.572037,6526,6524,0,23,6.07
19.672014,6526,6524,0,23,6.07
19.772038,6526,6524,0,23,6.07
19.872008,6526,6524,0,23,6.07
19.972039,6526,6524,0,23,6.08
20.072009,6526,6524,0,23,6.08
20.172046,6526,6524,0,23,6.08
20.272008,6526,6524,0,23,6.07
20.372036,6526,6524,204,23,6.07
20.472009,6526,6524,204,23,6.07
20.572029,6526,6524,204,23,6.07
20.672009,6526,6524,204,23,6.07
20.772038,6526,6524,0,23,6.07
20.872011,6526,6524,0,23,6.07
20.97204,6526,6524,0,23,6.07
21.072008,6526,6524,0,23,6.07
21.172038,6526,6524,0,23,6.07
21.272009,6526,6524,0,23,6.07
21.372039,6526,6524,0,23,6.07
21.472008,6526,6524,0,23,6.07
21.572039,6526,6524,0,23,6.07
21.67201,6526,6524,0,23,6.07
21.772045,6526,6524,0,23,6.07
21.87201,6526,6524,0,23,6.07
21.972039,6526,6524,0,23,6.07
22.072017,6526,6524,0,23,6.07
22.172037,6526,6524,0,23,6.07
22.272008,6526,6520,0,23,6.07
22.372039,6526,6524,0,23,6.07
22.472008,6526,6524,0,23,6.07
22.572035,6526,6524,0,23,6.07
22.672009,6526,6524,0,23,6.07
22.772039,6526,6524,0,23,6.07
22.872007,6526,6520,0,23,6.07
22.972039,6526,6524,0,23,6.07
23.072008,6526,6524,163,23,6.07
23.172039,6526,6524,163,23,6.07
23.272008,6526,6520,163,23,6.08
23.372039,6526,6520,0,23,6.08
23.472009,6526,6524,0,23,6.07
23.572041,6526,6524,0,23,6.07
23.672007,6526,6524,0,23,6.06
23.772054,6526,6524,0,23,6.06
23.872007,6526,6524,0,23,6.06
23.972048,6526,6524,0,23,6.07
24.072008,6556,6520,515,23,6.07
24.172047,6674,6588,515,23,6.07
24.272009,6810,6728,515,23,6
24.372047,6947,6876,1434,23,6
24.47201,7085,7000,1434,23,6.03
24.572035,7222,7136,1434,23,6.03
24.67201,7359,7288,1434,23,6.02
24.772041,7496,7432,1100,23,6.02
24.87201,7623,7540,1100,23,6.02
24.972048,7665,7616,1100,23,6.03
25.071985,7668,7636,771,23,6.03
25.172007,7668,7640,771,23,6.03
25.271985,7668,7644,771,23,6.04
25.371973,7668,7648,904,23,6.04
25.471993,7668,7652,904,23,6.04
25.57199,7674,7656,904,23,6.04
25.671985,7764,7688,904,23,6.02
25.772036,7898,7824,1259,23,6.02
25.871992,8035,7968,1259,23,6.02
25.972068,8172,8108,1259,23,6.03
26.071985,8309,8240,1107,23,6.03
26.172038,8446,8364,1107,23,6.03
26.272005,8583,8520,1107,23,6.05
26.372006,8720,8664,1184,23,6.05
26.472014,8857,8808,1184,23,6.05
26.572008,8994,8920,1184,23,6.05
26.67201,9131,9064,1184,23,6.01
26.772008,9268,9212,965,23,6.01
26.871985,9405,9352,965,23,6.01
26.972008,9542,9488,965,23,6.04
27.071992,9679,9600,953,23,6.04
27.172008,9816,9748,953,23,6.04
27.271984,9953,9896,953,23,6.01
27.372007,10090,10032,491,23,6.01
27.471983,10227,10164,491,23,6.05
27.572017,10364,10308,491,23,6.05
27.671985,10501,10460,491,23,6.05
27.772007,10589,10584,474,23,6.05
27.871985,10468,10548,474,23,6.05
27.972008,10402,10428,474,23,6.06
28.071984,10387,10392,78,23,6.06
28.172008,10381,10392,78,23,6.06
28.271992,10377,10392,78,23,6.07
28.372015,10378,10384,93,23,6.07
28.471984,10377,10384,93,23,6.07
28.572009,10376,10380,93,23,6.07
28.671985,10374,10380,93,23,6.07
28.772008,10372,10376,0,23,6.07
28.871985,10369,10380,0,23,6.07
28.972007,10366,10380,0,23,6.08
29.071984,10366,10376,216,23,6.08
29.172035,10363,10372,216,23,6.08
29.271986,10364,10368,216,23,6.07
29.372039,10357,10364,179,23,6.07
29.471984,10357,10368,179,23,6.07
29.572041,10352,10364,179,23,6.07
29.671984,10352,10360,179,23,6.07
29.772014,10348,10360,196,23,6.07
29.871985,10346,10352,196,23,6.07
29.972006,10345,10348,196,23,6.07
30.071985,10346,10356,97,23,6.07
30.172008,10345,10352,97,23,6.07
30.271983,10348,10352,97,23,6.08
30.372008,10349,10352,110,23,6.08
30.471984,10351,10352,110,23,6.08
30.572016,10352,10348,110,23,6.08
30.671985,10352,10352,110,23,6.08
30.772009,10353,10352,0,23,6.08
30.871985,10352,10352,0,23,6.08
30.972015,10352,10352,0,23,6.08
31.071986,10351,10348,0,23,6.08
31.172008,10349,10348,0,23,6.08
31.271984,10350,10348,0,23,6.08
31.37201,10350,10352,0,23,6.08
31.471992,10352,10356,0,23,6.07
31.572008,10352,10352,0,23,6.07
31.671983,10354,10352,0,23,6.08
31.772008,10356,10348,204,23,6.08
31.871984,10357,10352,204,23,6.08
31.972016,10362,10352,204,23,6.07
32.071984,10361,10360,0,23,6.07
32.17201,10364,10364,0,23,6.07
32.271984,10361,10360,0,23,6.08
32.372015,10361,10356,0,23,6.08
32.471986,10356,10360,0,23,6.07
32.572008,10359,10360,0,23,6.07
32.671985,10358,10364,0,23,6.08
32.772008,10361,10364,0,23,6.08
32.871984,10359,10364,0,23,6.08
32.972008,10355,10360,0,23,6.07
33.071985,10354,10356,0,23,6.07
33.172008,10355,10360,0,23,6.07
33.271984,10356,10360,0,23,6.08
33.372008,10355,10360,78,23,6.08
33.471986,10355,10360,78,23,6.08
33.572008,10350,10360,78,23,6.08
33.671983,10351,10356,78,23,6.07
33.772009,10350,10360,465,23,6.07
33.871986,10353,10360,465,23,6.07
33.972016,10349,10360,465,23,6.07
34.071985,10352,10360,163,23,6.07
34.172008,10346,10372,163,23,6.07
34.271984,10321,10376,163,23,6.03
34.372,10271,10340,1409,23,6.03
34.471983,10271,10300,1409,23,6.01
34.572009,10318,10308,1409,23,6.01
34.671986,10369,10372,1409,23,6.07
34.772009,10417,10408,63,23,6.07
34.871986,10454,10452,63,23,6.07
34.97201,10479,10484,63,23,6.08
35.071984,10488,10496,204,23,6.08
35.172009,10419,10500,204,23,6.08
35.271984,10273,10412,204,23,5.91
35.372007,10237,10272,912,23,5.91
35.471985,10315,10288,912,23,6.06
35.572009,10394,10396,912,23,6.06
35.671984,10449,10444,912,23,6.06
35.772008,10481,10484,0,23,6.06
35.871986,10486,10500,0,23,6.06
35.972009,10478,10504,0,23,6.06
36.071985,10463,10508,689,23,6.06
36.172008,10452,10504,689,23,6.06
36.271985,10437,10492,689,23,6.01
36.372004,10425,10472,1177,23,6.01
36.471985,10416,10460,1177,23,6.03
36.572002,10410,10456,1177,23,6.03
36.671986,10405,10456,1177,23,6.02
36.772002,10397,10448,1122,23,6.02
36.871988,10386,10436,1122,23,6.02
36.972011,10381,10424,1122,23,6
37.071986,10378,10424,948,23,6
37.172009,10366,10420,948,23,6
37.271987,10354,10420,948,23,6
37.372011,10341,10392,1231,23,6
37.471984,10334,10372,1231,23,6
37.57201,10338,10380,1231,23,6
37.671993,10353,10380,1231,23,6.05
37.772009,10354,10384,622,23,6.05
37.871986,10350,10388,622,23,6.05
37.972043,10342,10384,622,23,6.01
38.071986,10330,10372,1105,23,6.01
38.17203,10327,10360,1105,23,6.01
38.271987,10327,10368,1105,23,6.04
38.372007,10304,10372,1494,23,6.04
38.471985,10274,10352,1494,23,5.95
38.572006,10259,10320,1494,23,5.95
38.671986,10260,10320,1494,23,6.02
38.772016,10263,10320,1018,23,6.02
38.871986,10255,10316,1018,23,6.02
38.972009,10246,10316,1018,23,5.95
39.071983,10241,10312,911,23,5.95
39.172055,10234,10308,911,23,5.95
39.271986,10239,10308,911,23,5.97
39.372007,10241,10296,772,23,5.97
39.471986,10240,10304,772,23,6.01
39.572008,10250,10304,772,23,6.01
39.671985,10257,10304,772,23,6
39.772009,10258,10300,1013,23,6
39.872013,10262,10304,1013,23,6
39.972009,10263,10316,1013,23,6.02
40.072014,10261,10320,854,23,6.02
40.172009,10265,10316,854,23,6.02
40.272007,10277,10316,854,23,6.01
40.372009,10287,10320,769,23,6.01
40.472022,10287,10336,769,23,6.03
40.572008,10280,10340,769,23,6.03
40.672014,10273,10332,769,23,5.99
40.772009,10273,10328,1308,23,5.99
40.872002,10276,10328,1308,23,5.99
40.972008,10276,10328,1308,23,6.01
41.071986,10278,10332,1052,23,6.01
41.17201,10278,10332,1052,23,6.01
41.271984,10272,10328,1052,23,5.94
41.37201,10266,10328,981,23,5.94
41.471994,10259,10320,981,23,7.31
41.572008,10246,10308,981,23,7.31
41.671986,10235,10288,981,23,7.3
41.77201,10224,10280,906,23,7.3
41.871993,10223,10284,906,23,7.3
41.972009,10225,10280,906,23,7.32
42.071986,10220,10276,1260,23,7.32
42.172009,10222,10272,1260,23,7.32
42.271993,10220,10272,1260,23,7.33
42.372011,10214,10276,969,23,7.33
42.471989,10214,10268,969,23,7.33
42.572009,10214,10260,969,24,7.33
42.671994,10210,10248,969,24,7.29
42.77201,10203,10252,754,24,7.29
42.871984,10162,10248,754,24,7.29
42.972008,10049,10144,754,24,7.28
43.071994,9913,10028,1569,24,7.28
43.172011,9776,9904,1569,24,7.28
43.271987,9639,9740,1569,24,7.26
43.37201,9502,9628,1707,24,7.26
43.471985,9365,9476,1707,24,7.27
43.572008,9268,9372,1707,24,7.27
43.671985,9188,9284,1707,24,7.25
43.772017,9101,9204,2276,24,7.25
43.871983,9013,9132,2276,24,7.25
43.972017,8925,9032,2276,24,7.24
44.071987,8836,8972,2242,24,7.24
44.172008,8748,8880,2242,24,7.24
44.271992,8660,8792,2242,24,7.18
44.372016,8572,8692,2279,24,7.18
44.471986,8484,8612,2279,24,7.14
44.572007,8395,8520,2279,24,7.14
44.671984,8307,8420,2279,24,7.23
44.772007,8219,8340,1562,24,7.23
44.871984,8131,8252,1562,24,7.23
44.972009,8042,8156,1562,24,7.23
45.071984,7954,8044,1938,24,7.23
45.172008,7866,7972,1938,24,7.23
45.271986,7778,7872,1938,24,7.3
45.372008,7690,7768,1069,24,7.3
45.471985,7601,7688,1069,24,7.28
45.572009,7513,7592,1069,24,7.28
45.671992,7425,7476,1069,24,7.37
45.772009,7337,7388,702,24,7.37
45.871985,7249,7324,702,24,7.37
45.972008,7160,7220,702,24,7.35
46.071985,7072,7124,1097,24,7.35
46.172007,6984,7032,1097,24,7.35
46.271984,6896,6912,1097,24,7.39
46.372008,6808,6848,655,24,7.39
46.471985,6719,6756,655,24,7.38
46.572008,6631,6656,655,24,7.38
46.671984,6551,6568,655,24,7.36
46.772056,6527,6528,0,24,7.36
46.872032,6526,6528,0,24,7.36
46.972055,6526,6528,0,24,7.39
47.072045,6526,6528,0,24,7.39
47.172062,6526,6524,0,24,7.39
47.27203,6526,6524,0,24,7.39
47.372055,6526,6520,93,24,7.39
47.472041,6526,6520,93,24,7.36
47.572055,6526,6520,93,24,7.36
47.672031,6526,6524,93,24,7.35
47.772055,6526,6524,0,24,7.35
47.872032,6526,6524,0,24,7.35
47.972055,6526,6524,0,24,7.39
48.07203,6526,6524,0,24,7.39
48.172054,6526,6524,0,24,7.39
48.272031,6526,6524,0,24,7.4
48.372062,6526,6524,0,24,7.4
48.472032,6526,6524,0,24,7.4
48.572062,6526,6528,0,24,7.4
48.672032,6526,6524,0,24,7.38
48.772062,6526,6524,0,24,7.38
48.872032,6526,6528,0,24,7.38
48.972055,6526,6528,0,24,7.3
49.072001,6526,6524,0,24,7.3
49.172065,6526,6528,0,24,7.3
49.27204,6526,6528,0,24,7.36
49.372058,6526,6528,0,24,7.36
49.47204,6526,6528,0,24,7.39
49.572058,6526,6524,0,25,7.39
49.672033,6526,6524,0,25,7.36
49.772057,6526,6528,0,25,7.36
49.872039,6526,6528,0,25,7.36
49.972055,6526,6528,0,25,6.07
50.071989,6526,6528,0,25,6.07
50.172055,6526,6528,0,25,6.07
50.271993,6526,6524,0,25,6.06
50.372056,6526,6528,0,25,6.06
50.472037,6526,6528,0,25,6.08
50.572065,6526,6528,0,24,6.08
50.672063,6526,6528,0,24,6.05
50.772065,6526,6528,0,24,6.05
50.872049,6526,6528,0,24,6.05
50.972064,6526,6528,0,24,6.07
51.072033,6526,6528,0,24,6.07
51.172057,6526,6528,0,24,6.07
51.272032,6526,6528,0,24,6.05
51.372055,6526,6528,0,24,6.05
51.47205,6526,6528,0,24,6.07
51.572056,6526,6528,0,24,6.07
51.672042,6526,6524,0,24,6.08
51.772068,6526,6524,0,24,6.08
51.87203,6526,6524,0,24,6.08
51.972085,6526,6524,0,24,6.08
52.072031,6526,6524,0,24,6.08
52.172093,6526,6524,0,24,6.08
52.272029,6526,6528,0,24,6.08
52.372071,6526,6528,0,24,6.08
52.47203,6526,6524,0,24,6.08
52.572021,6526,6528,0,24,6.08
52.672031,6526,6524,0,24,6.07
52.772083,6526,6524,0,24,6.07
52.872029,6526,6528,0,24,6.07
52.972088,6526,6528,0,24,6.06
53.07203,6526,6524,0,24,6.06
53.172069,6526,6528,0,24,6.06
53.27203,6526,6528,0,24,6.07
53.372055,6526,6524,0,24,6.07
53.472031,6526,6524,0,24,6.06
53.572055,6526,6524,0,24,6.06
53.67203,6526,6528,0,24,6.07
53.772052,6526,6524,0,24,6.07
53.872031,6526,6524,0,24,6.07
53.972064,6526,6524,0,24,6.07
54.072031,6526,6524,0,24,6.07
54.172053,6526,6524,0,24,6.07
54.272029,6526,6524,0,24,6.05
54.372052,6526,6524,0,24,6.05
54.472031,6526,6524,0,24,6.06
54.572054,6526,6528,0,24,6.06
54.67203,6526,6524,0,24,6.05
54.772054,6526,6524,0,24,6.05
54.87203,6526,6524,0,24,6.05
54.97204,6526,6524,0,24,6.05
55.072038,6526,6524,0,24,6.05
55.172053,6526,6524,0,24,6.05
55.272031,6526,6524,0,24,6.03
55.372053,6526,6524,0,24,6.03
55.472029,6526,6524,0,24,6.07
55.572054,6526,6524,0,24,6.07
55.67203,6526,6524,0,24,6.04
55.772053,6526,6524,0,24,6.04
55.872039,6526,6524,0,24,6.04
55.972061,6526,6524,0,24,6.06
56.072031,6526,6524,0,24,6.06
56.172053,6526,6524,0,24,6.06
56.27203,6526,6524,0,24,6.07
56.37206,6526,6524,0,24,6.07
56.472029,6526,6524,0,24,6.05
56.572053,6526,6524,0,24,6.05
56.672031,6526,6524,0,24,6.07
56.77206,6526,6524,0,24,6.07
56.87203,6526,6524,0,24,6.07
56.972054,6526,6524,0,24,6.06
57.07203,6526,6524,0,24,6.06
57.172053,6526,6524,0,24,6.06
57.27203,6526,6524,0,24,6.08
57.372055,6526,6524,0,24,6.08
57.472029,6526,6524,0,24,6.07
57.572054,6526,6524,0,24,6.07
57.672031,6526,6524,0,24,6.08
57.772055,6526,6524,0,24,6.08
57.87203,6526,6524,0,24,6.08
57.97206,6526,6524,0,24,6.08
58.072031,6526,6524,0,24,6.08
58.172053,6526,6524,0,24,6.08
58.272039,6526,6524,0,24,6.07
58.372054,6526,6524,0,24,6.07
58.472032,6526,6524,0,24,6.07
58.572054,6526,6524,0,24,6.07
58.672031,6526,6524,0,24,6.07
58.772055,6526,6524,0,24,6.07
58.872031,6526,6524,0,24,6.07
58.972054,6526,6524,0,24,6.05
59.07203,6526,6524,0,24,6.05
59.172055,6526,6524,0,24,6.05
59.27203,6526,6524,0,24,6.08
59.372053,6526,6524,0,24,6.08
59.472038,6526,6524,0,24,6.07
59.572054,6526,6524,0,24,6.07
59.672029,6526,6520,0,24,6.03
59.772054,6526,6520,0,24,6.03
59.872029,6526,6528,0,24,6.03
59.972054,6526,6524,0,24,6.07
60.07203,6526,6524,0,24,6.07
60.172054,6526,6524,0,24,6.07
60.27203,6526,6528,0,24,6.07
60.372055,6526,6528,0,24,6.07
60.47203,6526,6528,0,24,6.07
60.572054,6526,6528,0,24,6.07
60.67203,6526,6528,0,24,6.07
60.772079,6526,6528,0,24,6.07
60.87203,6526,6524,0,24,6.07
60.972054,6526,6528,0,24,6.06
61.072029,6526,6528,0,24,6.06
61.172061,6526,6528,0,24,6.06
61.272031,6526,6528,0,24,6.06
61.372055,6526,6524,0,24,6.06
61.472018,6526,6528,0,24,6.05
61.572077,6526,6524,0,24,6.05
61.672031,6526,6528,0,24,6.06
61.772088,6526,6528,0,24,6.06
61.872031,6526,6524,0,24,6.06
61.972092,6526,6524,0,24,6.08
62.072031,6526,6528,0,24,6.08
62.172083,6526,6524,0,24,6.08
62.272032,6526,6528,0,24,6.06
62.372054,6526,6528,0,24,6.06
62.472031,6526,6524,0,24,6.06
62.572054,6526,6524,0,24,6.06
62.67203,6526,6528,0,24,6.04
62.772062,6526,6528,0,24,6.04
62.872031,6526,6524,0,24,6.04
62.972053,6526,6528,0,24,6.06
63.07203,6526,6528,0,24,6.06
63.172053,6526,6528,0,24,6.06
63.272035,6526,6524,0,24,6.07
63.372056,6526,6528,0,24,6.07
63.472033,6526,6528,0,24,6.05
63.57206,6526,6528,0,24,6.05
63.672039,6526,6528,0,24,6.07
63.772055,6526,6528,0,24,6.07
63.872058,6526,6528,0,24,6.07
63.972054,6526,6524,0,24,6.08
64.072048,6526,6524,0,24,6.08
64.172054,6526,6524,0,24,6.08
64.272031,6526,6524,0,24,6.01
64.372054,6526,6528,0,24,6.01
64.472031,6526,6520,0,24,6.02
64.572054,6526,6524,0,24,6.02
64.672032,6526,6524,0,24,5.98
64.772054,6526,6520,93,24,5.98
64.872032,6526,6524,93,24,5.98
64.972053,6526,6524,93,24,6.04
65.072031,6526,6524,0,24,6.04
65.172054,6526,6520,0,24,6.04
65.272031,6526,6520,0,24,6.04
65.372053,6526,6520,119,24,6.04
65.47203,6526,6520,119,24,6.06
65.572053,6526,6524,119,24,6.06
65.672032,6526,6524,119,24,6.05
65.772054,6526,6520,95,24,6.05
65.872038,6526,6520,95,24,6.05
65.972053,6526,6524,95,24,6.05
66.072031,6526,6524,0,24,6.05
66.172053,6526,6524,0,24,6.05
66.27203,6526,6524,0,24,6.06
66.372062,6526,6524,0,24,6.06
66.472048,6526,6524,0,24,6.06
66.572052,6526,6524,0,24,6.06
66.672057,6526,6524,0,24,6.07
66.772052,6526,6524,0,24,6.07
66.872082,6526,6524,0,24,6.07
66.972053,6526,6524,0,24,6.05
67.072057,6526,6524,0,24,6.05
67.172054,6526,6524,0,24,6.05
67.27203,6526,6524,0,24,6.07
67.372055,6526,6524,0,24,6.07
67.47203,6526,6524,0,24,6.07
67.572053,6526,6524,0,24,6.07
67.67204,6526,6524,0,24,6.07
67.772053,6526,6524,0,24,6.07
67.872029,6526,6524,0,24,6.07
67.972055,6526,6524,0,24,6.08
68.07203,6526,6524,0,24,6.08
68.172054,6526,6524,0,24,6.08
68.27203,6526,6524,0,24,6.07
68.372055,6526,6524,0,24,6.07
68.472038,6526,6524,0,24,6.08
68.572054,6526,6524,0,24,6.08
68.672028,6526,6524,0,24,6.08
68.77206,6526,6524,0,24,6.08
68.87204,6526,6524,0,24,6.08
68.972054,6526,6524,0,24,6.07
69.072028,6526,6524,0,24,6.07
69.17206,6526,6524,0,24,6.07
69.272029,6526,6524,0,24,6.08
69.372053,6526,6524,0,24,6.08
69.472037,6526,6524,0,24,6.06
69.572053,6526,6524,0,24,6.06
69.67203,6526,6524,0,24,6.08
69.772053,6526,6524,0,24,6.08
69.872029,6526,6524,0,24,6.08
69.972061,6526,6524,0,24,6.06
70.072029,6526,6524,0,24,6.06
70.172053,6526,6524,0,24,6.06
70.27203,6526,6524,0,24,6.07
70.372054,6526,6524,0,24,6.07
70.472028,6526,6524,0,24,6.07
70.572053,6526,6524,0,24,6.07
70.672028,6526,6524,0,24,6.05
70.772052,6526,6524,0,24,6.05
70.87203,6526,6524,0,24,6.05
70.972052,6526,6524,0,24,6.07
71.072029,6526,6524,0,24,6.07
71.172054,6526,6524,0,24,6.07
71.272029,6526,6524,0,24,6.07
71.372063,6526,6524,0,24,6.07
71.47203,6526,6524,0,24,6.07
71.572053,6526,6524,0,24,6.07
71.672039,6526,6524,0,24,6.08
71.772052,6526,6524,0,24,6.08
71.87203,6526,6524,0,24,6.08
71.972053,6526,6524,0,24,6.07
72.072039,6526,6524,0,24,6.07
72.172054,6526,6524,0,24,6.07
72.272029,6526,6524,0,24,6.07
72.372051,6526,6524,0,24,6.07
72.472028,6526,6524,0,24,6.06
72.572053,6526,6524,0,24,6.06
72.672044,6526,6524,0,24,6.06
72.772054,6526,6524,0,24,6.06
72.872029,6526,6524,0,24,6.06
72.972056,6526,6524,0,24,6.07
73.072031,6526,6524,0,24,6.07
73.172053,6526,6524,0,24,6.07
73.27203,6526,6524,0,24,6.07
73.372053,6526,6524,0,24,6.07
73.472036,6526,6524,0,24,6.07
73.572055,6526,6524,0,24,6.07
73.672029,6526,6524,0,24,6.06
73.772083,6526,6524,0,24,6.06
73.872031,6526,6524,0,24,6.06
73.97207,6526,6524,0,24,6.02
74.072032,6526,6524,0,24,6.02
74.172055,6526,6524,0,24,6.02
74.271995,6526,6524,0,24,6.06
74.372054,6526,6524,0,24,6.06
74.472017,6526,6524,0,24,6.04
74.572041,6526,6524,0,24,6.04
74.672055,6526,6520,0,24,6.07
74.772053,6526,6524,0,24,6.07
74.872073,6526,6520,0,24,6.07
74.972052,6526,6528,0,24,5.98
75.072047,6526,6528,0,24,5.98
75.172052,6526,6524,0,24,5.98
75.27203,6526,6528,0,24,6.07
75.372053,6526,6528,0,24,6.07
75.47203,6526,6528,0,24,6.05
75.572055,6526,6524,0,24,6.05
75.672029,6526,6524,0,24,6.01
75.772052,6526,6524,0,24,6.01
75.87203,6526,6524,0,24,6.01
75.972053,6526,6524,0,24,6.08
76.072031,6526,6524,0,24,6.08
76.172052,6526,6524,0,24,6.08
76.272035,6526,6524,0,24,6.05
76.372053,6526,6524,0,24,6.05
76.472031,6526,6524,0,24,6.06
76.572054,6526,6528,0,24,6.06
76.672029,6526,6524,0,24,6.07
76.772061,6526,6524,0,24,6.07
76.87203,6526,6524,0,24,6.07
76.972055,6526,6528,0,24,6.07
77.07203,6526,6528,0,24,6.07
77.172054,6526,6524,0,24,6.07
77.27203,6526,6528,0,24,6.06
77.372053,6526,6524,0,24,6.06
77.47203,6526,6524,0,24,6.03
77.572055,6526,6524,0,24,6.03
77.672031,6526,6524,0,24,6.08
77.772053,6526,6524,0,24,6.08
77.87203,6526,6524,0,24,6.08
77.972053,6526,6524,0,24,6.06
78.072033,6526,6528,0,24,6.06
78.172055,6526,6524,0,24,6.06
78.272032,6526,6524,0,24,6.07
78.372054,6526,6524,0,24,6.07
78.472038,6526,6524,0,24,6.08
78.572054,6526,6524,0,23,6.08
78.672031,6526,6524,0,23,6.02
78.772055,6526,6524,0,23,6.02
78.872035,6526,6524,0,23,6.02
78.972062,6526,6528,0,23,6.03
79.072031,6526,6524,0,23,6.03
79.172054,6526,6524,0,23,6.03
79.27203,6526,6524,0,23,6.07
79.372054,6526,6524,0,23,6.07
79.47203,6526,6524,0,23,6.07
79.572054,6526,6524,0,23,6.07
79.672029,6526,6524,0,23,6.08
79.772062,6526,6524,0,23,6.08
79.87203,6526,6528,0,23,6.08
79.972053,6526,6524,0,23,6.07
80.07203,6526,6528,0,23,6.07
80.172035,6526,6524,0,23,6.07
80.272028,6526,6524,0,23,6.07
80.37208,6526,6528,0,23,6.07
80.472029,6526,6524,0,23,6.06
80.572081,6526,6524,0,23,6.06
80.672031,6526,6528,0,23,6.07
80.772069,6526,6524,0,23,6.07
80.87203,6526,6524,0,23,6.07
80.972054,6526,6524,0,23,6.08
81.072038,6526,6524,0,23,6.08
81.172052,6526,6528,0,23,6.08
81.272037,6526,6524,0,23,6.07
81.372062,6526,6524,0,23,6.07
81.472032,6526,6528,0,23,6.08
81.572053,6526,6524,0,23,6.08
81.672049,6526,6524,0,23,6.08
81.772063,6526,6528,0,23,6.08
81.872031,6526,6524,0,23,6.08
81.972054,6526,6524,0,23,6.07
82.072031,6526,6524,0,23,6.07
82.172054,6526,6524,0,23,6.07
82.27203,6526,6528,0,23,6.08
82.372054,6526,6524,0,23,6.08
82.47203,6526,6524,0,23,6.06
82.572059,6526,6524,0,23,6.06
82.672029,6526,6524,0,23,6.07
82.772055,6526,6524,0,23,6.07
82.872029,6526,6524,0,23,6.07
82.972054,6526,6524,0,23,6.07
83.072038,6526,6528,0,23,6.07
83.172054,6526,6524,0,23,6.07
83.272031,6526,6528,0,23,6.05
83.372056,6526,6528,0,23,6.05
83.472024,6526,6524,0,23,6.06
83.572054,6526,6528,0,23,6.06
83.672029,6526,6524,0,23,6.06
83.772061,6526,6524,0,23,6.06
83.872035,6526,6528,0,23,6.06
83.972053,6526,6524,0,23,6.06
84.072035,6526,6528,0,23,6.06
84.172054,6526,6524,0,23,6.06
84.27202,6526,6528,0,23,6.08
84.372054,6526,6528,0,23,6.08
84.472029,6526,6524,0,23,6.07
84.572062,6526,6528,0,23,6.07
84.672024,6526,6528,0,23,6.08
84.772056,6526,6524,0,23,6.08
84.871994,6526,6528,0,23,6.08
84.972062,6526,6524,0,23,6.07
85.07202,6526,6524,0,23,6.07
85.172044,6526,6528,0,23,6.07
85.272027,6526,6524,0,23,6.07
85.372054,6526,6524,0,23,6.07
85.472034,6526,6528,0,23,6.04
85.572054,6526,6524,0,23,6.04
85.67202,6526,6524,0,23,6.05
85.772054,6526,6528,0,23,6.05
85.872034,6526,6524,0,23,6.05
85.972054,6526,6528,0,23,6.07
86.072033,6526,6528,0,23,6.07
86.172055,6526,6528,0,23,6.07
86.272037,6526,6524,0,23,6.07
86.372058,6526,6528,0,23,6.07
86.472012,6526,6528,0,23,6.06
86.572056,6526,6528,0,23,6.06
86.672043,6526,6524,0,23,6.07
86.772055,6526,6524,0,23,6.07
86.872043,6526,6528,0,23,6.07
86.972074,6526,6524,0,23,6.06
87.072037,6526,6524,0,23,6.06
87.172074,6526,6524,0,23,6.06
87.272036,6526,6528,0,23,6.05
87.372055,6526,6524,0,23,6.05
87.471994,6526,6524,0,23,6.05
87.572056,6526,6524,0,23,6.05
87.672006,6526,6528,0,23,6.06
87.772063,6526,6524,0,23,6.06
87.872022,6526,6524,0,23,6.06
87.972055,6526,6524,0,23,6.08
88.072048,6526,6524,0,23,6.08
88.172063,6526,6524,0,23,6.08
88.27206,6526,6524,0,23,6.06
88.372066,6526,6524,0,23,6.06
88.472074,6526,6524,0,23,6.07
88.572063,6526,6524,0,23,6.07
88.672066,6526,6524,0,23,6.06
88.772019,6526,6524,0,23,6.06
88.872048,6526,6528,0,23,6.06
88.972066,6526,6524,0,23,6.06
89.072049,6526,6524,0,23,6.06
89.172111,6526,6524,0,23,6.06
89.272048,6526,6528,0,23,6.07
89.372081,6526,6524,0,23,6.07
89.472049,6526,6524,0,23,6.06
89.572082,6526,6524,0,23,6.06
89.672047,6526,6524,0,23,6.07
89.772054,6526,6524,0,23,6.07
89.872034,6526,6524,0,23,6.07
89.972064,6526,6524,0,23,6.07
90.072038,6526,6524,0,23,6.07
90.172056,6526,6524,0,23,6.07
90.27204,6526,6524,0,23,6.06
90.372063,6526,6528,0,23,6.06
90.472046,6526,6524,0,23,6.07
90.572056,6526,6524,0,23,6.07
90.672047,6526,6528,0,23,6.07
90.772065,6526,6528,0,23,6.07
90.872046,6526,6524,0,23,6.07
90.972055,6526,6524,0,23,5.99
91.072046,6526,6524,0,23,5.99
91.172062,6526,6528,0,23,5.99
91.272049,6526,6528,0,23,6.07
91.372058,6526,6528,0,23,6.07
91.472046,6526,6524,0,23,6.06
91.572064,6526,6528,0,23,6.06
91.672047,6526,6524,0,23,6.07
91.772057,6526,6528,0,23,6.07
91.872053,6526,6524,0,23,6.07
91.972055,6526,6524,0,23,6.07
92.072053,6526,6524,0,23,6.07
92.17207,6526,6528,0,23,6.07
92.272053,6526,6524,0,23,6.01
92.372055,6526,6524,0,23,6.01
92.472061,6526,6524,0,23,6.01
92.572055,6526,6524,0,23,6.01
92.67203,6526,6528,0,23,6.07
92.772055,6526,6524,0,23,6.07
92.872031,6526,6524,0,23,6.07
92.972055,6526,6524,0,23,6.01
93.07205,6526,6528,0,23,6.01
93.172055,6526,6524,0,23,6.01
93.272048,6526,6528,0,23,6.03
93.372053,6526,6524,0,23,6.03
93.47207,6526,6524,0,23,6.05
93.572051,6526,6520,0,23,6.05
93.672057,6526,6520,0,23,6.04
93.772055,6526,6524,0,23,6.04
93.872058,6526,6524,0,23,6.04
93.972054,6526,6524,0,23,6.07
94.072049,6526,6524,0,23,6.07
94.172058,6526,6524,0,23,6.07
94.272048,6526,6524,0,23,5.96
94.372054,6526,6524,0,23,5.96
94.472047,6526,6524,0,23,6.04
94.572055,6526,6524,0,23,6.04
94.672046,6526,6524,0,23,6.06
94.772054,6526,6528,0,23,6.06
94.872046,6526,6528,0,23,6.06
94.972062,6526,6524,0,23,6.07
95.072045,6526,6528,0,23,6.07
95.172054,6526,6524,0,23,6.07
95.272045,6526,6528,0,23,6.06
95.372057,6526,6528,0,23,6.06
95.472047,6526,6528,0,23,6.07
95.572055,6526,6524,0,24,6.07
95.672048,6526,6528,0,24,6.05
95.772055,6526,6528,0,24,6.05
95.872048,6526,6524,0,24,6.05
95.972056,6526,6528,0,24,6.05
96.072048,6526,6524,0,24,6.05
96.172055,6526,6528,0,24,6.05
96.272048,6526,6528,0,24,6.06
96.372057,6526,6524,0,24,6.06
96.472048,6526,6528,0,24,6.06
96.572055,6526,6528,0,23,6.06
96.672046,6526,6528,0,23,6.06
96.772055,6526,6528,0,23,6.06
96.872047,6526,6524,0,23,6.06
96.972063,6526,6528,0,23,6.06
97.072047,6526,6528,0,23,6.06
97.172063,6526,6528,0,23,6.06
97.272048,6526,6524,0,23,6.07
97.372064,6526,6528,0,23,6.07
97.472048,6526,6528,0,23,6.07
97.572056,6526,6524,0,23,6.07
97.672048,6526,6524,0,23,6.06
97.772063,6526,6528,0,23,6.06
97.872046,6526,6524,0,23,6.06
97.972055,6526,6524,0,23,6.07
98.072049,6526,6528,0,23,6.07
98.172055,6526,6524,0,23,6.07
98.272048,6526,6524,0,23,6.06
98.372055,6526,6524,0,23,6.06
98.472046,6526,6524,0,23,6.03
98.572055,6526,6524,0,24,6.03
98.672049,6526,6524,0,24,6.04
98.772057,6526,6524,0,24,6.04
98.872045,6526,6524,0,24,6.04
98.972056,6526,6524,0,24,6.05
99.072047,6526,6524,0,24,6.05
99.172053,6526,6524,0,24,6.05
99.272053,6526,6524,0,24,6.04
99.372055,6526,6524,0,24,6.04
99.472046,6526,6524,0,24,6.06
99.572061,6526,6524,0,24,6.06
99.672053,6526,6524,0,24,6.07
99.772053,6526,6524,0,24,6.07
99.872048,6526,6528,0,24,6.07
99.972054,6526,6524,0,24,6.03
100.072045,6526,6524,0,24,6.03
100.172064,6526,6524,0,24,6.03
100.272049,6526,6524,0,24,6.04
100.372054,6526,6524,0,24,6.04
100.472048,6526,6524,0,24,6.06
100.572061,6526,6524,0,24,6.06
100.672057,6526,6524,0,24,6.06
100.77206,6526,6524,0,24,6.06
100.872047,6526,6524,0,24,6.06
100.972081,6526,6524,0,24,6.08
101.072048,6526,6524,0,24,6.08
101.172113,6526,6524,0,24,6.08
101.272047,6526,6524,0,24,6.06
101.37207,6526,6528,0,24,6.06
101.472055,6526,6524,0,24,6.02
101.572047,6526,6528,0,23,6.02
101.672068,6526,6528,0,23,6.02
101.772053,6526,6532,204,23,6.02
101.872061,6526,6528,204,23,6.02
101.972055,6526,6524,204,23,6.07
102.072048,6526,6524,0,23,6.07
102.172057,6526,6528,0,23,6.07
102.272046,6526,6528,0,23,6.04
102.372056,6526,6524,0,23,6.04
102.472046,6526,6524,0,23,6.05
102.572054,6526,6524,0,23,6.05
102.672046,6526,6524,0,23,6.06
102.772054,6526,6524,0,23,6.06
102.872048,6526,6524,0,23,6.06
102.972064,6526,6528,0,23,6.05
103.072048,6526,6524,0,23,6.05
103.172054,6526,6524,0,23,6.05
103.27205,6526,6524,0,23,6.01
103.372055,6526,6528,0,23,6.01
103.472048,6526,6524,0,23,6.02
103.572071,6526,6524,0,24,6.02
103.672048,6526,6524,0,24,6.03
103.772057,6526,6520,0,24,6.03
103.872047,6526,6524,0,24,6.03
103.972054,6526,6524,0,24,6.05
104.072048,6526,6524,0,24,6.05
104.172056,6526,6524,0,24,6.05
104.272048,6526,6528,0,24,6.05
104.372055,6526,6524,0,24,6.05
104.472047,6526,6524,0,24,6.07
104.572062,6526,6528,0,23,6.07
104.672047,6526,6524,0,23,6.03
104.772054,6526,6524,0,23,6.03
104.872046,6526,6524,0,23,6.03
104.972073,6526,6528,0,23,6.05
105.072047,6526,6524,0,23,6.05
105.172054,6526,6524,0,23,6.05
105.272057,6526,6524,0,23,6.04
105.372064,6526,6528,0,23,6.04
105.472048,6526,6528,0,23,6.03
105.572055,6526,6524,0,23,6.03
105.672046,6526,6524,0,23,6.05
105.772053,6526,6528,0,23,6.05
105.872049,6526,6528,0,23,6.05
105.972054,6526,6528,0,23,6.06
106.072066,6526,6524,0,23,6.06
106.172066,6526,6524,0,23,6.06
106.272046,6526,6524,0,23,6.06
106.372069,6526,6528,0,23,6.06
106.472045,6526,6524,0,23,6.07
106.572064,6526,6524,0,23,6.07
106.672048,6526,6528,0,23,6.07
106.772063,6526,6528,0,23,6.07
106.872047,6526,6524,0,23,6.07
106.972056,6526,6528,0,23,6.07
107.072047,6526,6524,0,23,6.07
107.172042,6526,6524,0,23,6.07
107.272056,6526,6524,0,23,6.07
107.372055,6526,6524,0,23,6.07
107.472047,6526,6524,0,23,6.07
107.572083,6526,6524,0,23,6.07
107.672045,6526,6524,0,23,6.06
107.77208,6526,6524,0,23,6.06
107.872046,6526,6524,0,23,6.06
107.972056,6526,6520,0,23,6.07
108.072047,6526,6524,0,23,6.07
108.172068,6526,6528,0,23,6.07
108.272047,6526,6528,0,23,6.07
108.372054,6526,6528,0,23,6.07
108.472072,6526,6528,0,23,6.06
108.572054,6526,6528,0,23,6.06
108.672045,6526,6524,0,23,6.05
108.772054,6526,6528,0,23,6.05
108.872053,6526,6524,0,23,6.05
108.972054,6526,6528,0,23,6.08
109.072045,6526,6528,0,23,6.08
109.172014,6526,6528,0,23,6.08
109.272029,6526,6528,0,23,6.02
109.372044,6526,6524,0,23,6.02
109.47203,6526,6528,0,23,6.04
109.572048,6526,6524,0,23,6.04
109.67203,6526,6524,0,23,6.06
109.772063,6526,6524,0,23,6.06
109.872032,6526,6524,0,23,6.06
109.972043,6526,6528,0,23,6.07
110.072048,6526,6528,0,23,6.07
110.172012,6526,6528,0,23,6.07
110.27203,6526,6528,0,23,6.03
110.372055,6526,6528,0,23,6.03
110.47204,6526,6532,0,23,6.08
110.572056,6526,6532,0,23,6.08
110.672029,6526,6532,0,23,6.03
110.772053,6526,6528,0,23,6.03
110.872037,6526,6532,0,23,6.03
110.972056,6526,6528,0,23,5.92
111.072031,6526,6520,104,23,5.92
111.172054,6526,6520,104,23,5.92
111.272029,6526,6520,104,23,6.06
111.372053,6526,6520,98,23,6.06
111.472031,6526,6520,98,23,6.06
111.572055,6526,6520,98,23,6.06
111.672035,6526,6520,98,23,6.06
111.772055,6526,6516,204,23,6.06
111.87203,6526,6516,204,23,6.06
111.972055,6526,6520,204,23,6.06
112.07203,6526,6520,184,23,6.06
112.172053,6526,6516,184,23,6.06
112.272031,6526,6516,184,23,6.06
112.37205,6526,6516,295,23,6.06
112.47203,6526,6516,295,23,6.05
112.572061,6526,6516,295,23,6.05
112.671994,6526,6520,295,23,6.06
112.772054,6526,6516,370,23,6.06
112.872035,6526,6516,370,23,6.06
112.972063,6526,6516,370,23,6.03
113.072077,6526,6516,431,23,6.03
113.172018,6526,6516,431,23,6.03
113.272033,6526,6516,431,23,6.05
113.372033,6526,6520,423,23,6.05
113.472032,6526,6516,423,23,6.03
113.572111,6526,6516,423,23,6.03
113.672031,6526,6520,423,23,6.04
113.772094,6526,6516,556,23,6.04
113.872031,6526,6516,556,23,6.04
113.972063,6526,6516,556,23,6.05
114.072041,6526,6520,615,23,6.05
114.172055,6526,6520,615,23,6.05
114.27203,6526,6516,615,23,6.05
114.372055,6526,6516,156,23,6.05
114.472039,6526,6516,156,23,6.04
114.572063,6526,6516,156,23,6.04
114.672031,6526,6516,156,23,5.99
114.772055,6526,6516,238,23,5.99
114.872032,6526,6516,238,23,5.99
114.972063,6526,6520,238,23,6.05
115.072031,6526,6516,295,23,6.05
115.172055,6526,6520,295,23,6.05
115.27203,6526,6516,295,23,6.04
115.372055,6526,6516,346,23,6.04
115.472033,6526,6520,346,23,6.04
115.572055,6526,6520,346,23,6.04
115.672034,6526,6520,346,23,6.06
115.772062,6526,6520,341,23,6.06
115.872032,6526,6520,341,23,6.06
115.972057,6526,6520,341,23,6.04
116.072032,6526,6520,204,23,6.04
116.172057,6526,6520,204,23,6.04
116.272041,6526,6520,204,23,6.04
116.372057,6526,6520,104,23,6.04
116.472032,6526,6520,104,23,5.94
116.572055,6526,6520,104,23,5.94
116.672031,6526,6520,104,23,6.05
116.772056,6526,6520,98,23,6.05
116.872042,6526,6520,98,23,6.05
116.972054,6526,6520,98,23,6.03
117.072029,6526,6520,8,23,6.03
117.172053,6526,6520,8,23,6.03
117.272029,6526,6516,8,23,6.06
117.372054,6526,6516,249,23,6.06
117.472029,6526,6516,249,23,6.05
117.572062,6526,6516,249,23,6.05
117.672031,6526,6512,249,23,6.06
117.772055,6526,6516,331,23,6.06
117.872032,6526,6516,331,23,6.06
117.972061,6526,6516,331,23,6.02
118.07203,6526,6512,464,23,6.02
118.172054,6526,6516,464,23,6.02
118.272038,6526,6516,464,23,6.04
118.372055,6526,6516,370,23,6.04
118.472029,6526,6512,370,23,5.98
118.572055,6526,6516,370,23,5.98
118.67204,6526,6516,370,23,6.04
118.772053,6526,6516,586,23,6.04
118.87203,6526,6520,586,23,6.04
118.972053,6526,6520,586,23,6.04
119.072039,6526,6516,941,23,6.04
119.172062,6526,6520,941,23,6.04
119.272031,6526,6520,941,23,6.02
119.372063,6526,6520,600,23,6.02
119.472036,6526,6520,600,23,6.07
119.572055,6526,6520,600,23,6.07
119.672029,6526,6520,600,23,6.06
119.77205,6526,6520,93,23,6.06
119.872038,6526,6520,93,23,6.06
119.972054,6526,6520,93,23,6.07
120.072032,6526,6524,0,23,6.07
120.172054,6526,6520,0,23,6.07
120.272031,6526,6520,0,23,6.06
120.372053,6526,6520,204,23,6.06
120.472029,6526,6520,204,23,6.06
120.572054,6526,6520,204,23,6.06
120.672044,6526,6520,204,23,6.01
120.772053,6526,6524,0,23,6.01
120.872056,6526,6520,0,23,6.01
120.972053,6526,6524,0,23,6.06
121.072064,6526,6520,204,23,6.06
121.172054,6526,6524,204,23,6.06
121.272044,6526,6520,204,23,6.06
121.372053,6526,6524,0,23,6.06
121.472056,6526,6520,0,23,6.05
121.572053,6526,6524,0,23,6.05
121.672029,6526,6524,0,23,6.01
121.772052,6526,6520,93,23,6.01
121.872029,6526,6524,93,23,6.01
121.972048,6526,6520,93,23,6.05
122.072031,6526,6524,0,23,6.05
122.172052,6526,6524,0,23,6.05
122.272029,6526,6524,0,23,6.07
122.372053,6526,6524,0,23,6.07
122.472023,6526,6520,0,23,6.03
122.572062,6526,6524,0,23,6.03
122.672017,6526,6524,0,23,6.02
122.772052,6526,6520,93,23,6.02
122.87203,6526,6524,93,23,6.02
122.97206,6526,6524,93,23,6.02
123.072027,6526,6520,204,23,6.02
123.172053,6526,6524,204,23,6.02
123.272029,6526,6524,204,23,6.06
123.37206,6526,6520,0,23,6.06
123.472027,6526,6524,0,23,6.05
123.572051,6526,6524,0,23,6.05
123.672027,6526,6524,0,23,6.01
123.772061,6526,6520,0,23,6.01
123.872028,6526,6524,0,23,6.01
123.972056,6526,6524,0,23,6.07
124.072027,6526,6524,0,23,6.07
124.17208,6526,6524,0,23,6.07
124.272027,6526,6524,0,23,6.05
124.372067,6526,6528,0,23,6.05
124.472027,6526,6528,0,23,6.06
124.572052,6526,6524,0,23,6.06
124.672029,6526,6528,0,23,6.07
124.77206,6526,6528,0,23,6.07
124.872027,6526,6528,0,23,6.07
124.972051,6526,6528,0,23,6.07
125.072029,6526,6524,0,23,6.07
125.172051,6526,6532,0,23,6.07
125.272029,6526,6528,0,23,6.05
125.372053,6526,6528,0,23,6.05
125.472029,6526,6524,0,23,6.05
125.572053,6526,6524,0,23,6.05
125.672027,6526,6528,0,23,6.06
125.772051,6526,6528,0,23,6.06
125.872036,6526,6528,0,23,6.06
125.972053,6526,6528,0,23,6.07
126.072028,6526,6528,0,23,6.07
126.172051,6526,6524,0,23,6.07
126.272037,6526,6528,0,23,6.05
126.37205,6526,6528,0,23,6.05
126.472027,6526,6528,0,23,6.06
126.57205,6526,6524,0,23,6.06
126.672044,6526,6528,0,23,6.06
126.772059,6526,6524,0,23,6.06
126.872056,6526,6524,0,23,6.06
126.972052,6526,6524,0,23,6.05
127.072065,6526,6524,0,23,6.05
127.172052,6526,6524,0,23,6.05
127.272054,6526,6520,0,23,6.07
127.37205,6526,6524,0,23,6.07
127.472043,6526,6528,0,23,6.07
127.572051,6526,6524,0,23,6.07
127.672027,6526,6524,0,23,6.04
127.772051,6526,6524,0,23,6.04
127.872029,6526,6524,0,23,6.04
127.972061,6526,6524,0,23,6.05
128.072028,6526,6524,0,23,6.05
128.172052,6526,6528,0,23,6.05
128.272038,6526,6524,0,23,6.06
128.372053,6526,6524,0,23,6.06
128.472027,6526,6528,0,23,6.06
128.572051,6526,6524,0,23,6.06
128.672037,6526,6524,0,23,6.07
128.77204,6526,6528,0,23,6.07
128.872028,6526,6528,0,23,6.07
128.972051,6526,6524,0,23,6.07
129.072027,6526,6528,0,23,6.07
129.172051,6526,6524,0,23,6.07
129.272029,6526,6524,0,23,6.07
129.372053,6526,6524,0,23,6.07
129.472028,6526,6520,0,23,6.07
129.57206,6526,6524,0,23,6.07
129.672029,6526,6524,0,23,6.05
129.772052,6526,6520,93,23,6.05
129.872037,6526,6524,93,23,6.05
129.972076,6526,6520,93,23,6.06
130.072027,6526,6524,0,23,6.06
130.17205,6526,6528,0,23,6.06
130.272028,6526,6528,0,23,6.05
130.372058,6526,6528,0,23,6.05
130.472028,6526,6520,0,23,6.08
130.572052,6526,6528,0,23,6.08
130.672029,6526,6524,0,23,6.06
130.772053,6526,6524,0,23,6.06
130.872029,6526,6524,0,23,6.06
130.972051,6526,6524,0,23,6.07
131.072036,6526,6524,0,23,6.07
131.172053,6526,6524,0,23,6.07
131.27203,6526,6524,0,23,6.06
131.372052,6526,6524,327,23,6.06
131.472029,6526,6524,327,23,6.07
131.572053,6526,6524,327,23,6.07
131.672028,6526,6524,327,23,6.05
131.772053,6526,6524,0,23,6.05
131.872028,6526,6524,0,23,6.05
131.972053,6526,6524,0,23,6.07
132.072028,6526,6528,0,23,6.07
132.172053,6526,6524,0,23,6.07
132.272027,6526,6528,0,23,6.06
132.372054,6526,6524,0,23,6.06
132.472038,6526,6524,0,23,6.06
132.572059,6526,6528,0,23,6.06
132.672029,6526,6532,0,23,6.06
132.772054,6526,6528,0,23,6.06
132.872029,6526,6528,0,23,6.06
132.972053,6526,6528,0,23,6.06
133.072027,6526,6524,0,23,6.06
133.172052,6526,6528,0,23,6.06
133.272041,6526,6528,0,23,6.06
133.372052,6526,6524,0,23,6.06
133.472027,6526,6528,0,23,6.07
133.572054,6526,6524,0,23,6.07
133.67203,6526,6524,0,23,6.05
133.772053,6526,6524,0,23,6.05
133.872029,6526,6524,0,23,6.05
133.97206,6526,6524,0,23,6.06
134.072029,6526,6524,0,23,6.06
134.17205,6526,6524,0,23,6.06
134.272034,6526,6524,0,23,6.06
134.372053,6526,6524,0,23,6.06
134.47203,6526,6524,0,23,6.08
134.572052,6526,6524,0,23,6.08
134.672029,6526,6524,0,23,6.07
134.772048,6526,6524,0,23,6.07
134.872029,6526,6524,0,23,6.07
134.972014,6526,6524,0,23,6.07
135.071989,6526,6524,0,23,6.07
135.172052,6526,6528,0,23,6.07
135.272108,6526,6528,0,23,6.07
135.372028,6526,6528,0,23,6.07
135.472017,6526,6528,0,23,6.07
135.57207,6526,6524,0,23,6.07
135.672066,6526,6528,0,23,6.07
135.772068,6526,6528,0,23,6.07
135.872042,6526,6528,0,23,6.07
135.972062,6526,6532,0,23,6.06
136.072028,6526,6528,93,23,6.06
136.172053,6526,6528,93,23,6.06
136.272027,6526,6528,93,23,6.07
136.372053,6526,6532,0,23,6.07
136.472055,6526,6528,0,23,6.08
136.572053,6526,6524,0,23,6.08
136.672047,6526,6528,0,23,6.08
136.772053,6526,6528,0,23,6.08
136.872037,6526,6532,0,23,6.08
136.972055,6526,6528,0,23,6.05
137.07203,6526,6528,163,23,6.05
137.172053,6526,6524,163,23,6.05
137.272029,6526,6532,163,23,6.06
137.372061,6526,6528,163,23,6.06
137.472029,6526,6532,163,23,6.07
137.572053,6526,6528,163,23,6.07
137.67203,6526,6528,163,23,6.05
137.772062,6526,6524,0,23,6.05
137.872029,6526,6528,0,23,6.05
137.972054,6526,6528,0,23,6.07
138.072039,6526,6528,327,23,6.07
138.172054,6526,6524,327,23,6.07
138.272029,6526,6524,327,23,6.03
138.372054,6526,6528,0,23,6.03
138.472031,6526,6520,0,23,6.04
138.572056,6526,6520,0,23,6.04
138.672029,6526,6516,0,23,6.03
138.772063,6526,6520,112,23,6.03
138.872041,6526,6520,112,23,6.03
138.972077,6526,6520,112,23,6.06
139.072031,6526,6520,163,23,6.06
139.172053,6526,6520,163,23,6.06
139.27203,6526,6520,163,23,6.06
139.372053,6526,6520,204,23,6.06
139.472029,6526,6516,204,23,6.06
139.572055,6526,6520,204,23,6.06
139.67203,6526,6520,204,23,6.05
139.772063,6526,6516,262,23,6.05
139.87203,6526,6520,262,23,6.05
139.972018,6526,6520,262,23,6.07
140.072036,6526,6520,303,23,6.07
140.172026,6526,6520,303,23,6.07
140.272029,6526,6520,303,23,6.06
140.37208,6526,6520,93,23,6.06
140.47203,6526,6520,93,23,6.02
140.572079,6526,6516,93,23,6.02
140.672029,6526,6520,93,23,6.01
140.772052,6526,6516,310,23,6.01
140.87203,6526,6520,310,23,6.01
140.972052,6526,6520,310,23,6.07
141.07203,6526,6520,189,23,6.07
141.172052,6526,6520,189,23,6.07
141.27203,6526,6520,189,23,6.02
141.372053,6526,6520,230,23,6.02
141.472029,6526,6520,230,23,6.06
141.572053,6526,6520,230,23,6.06
141.672029,6526,6520,230,23,6
141.772061,6526,6524,0,23,6
141.872029,6526,6524,0,23,6
141.972074,6526,6528,0,23,6.07
142.07203,6526,6528,0,23,6.07
142.172055,6526,6524,0,23,6.07
142.272029,6526,6524,0,23,6.06
142.372054,6526,6524,0,23,6.06
142.47203,6526,6520,0,23,6.07
142.572055,6526,6520,0,23,6.07
142.67203,6526,6520,0,23,6.03
142.772055,6526,6520,93,23,6.03
142.87203,6526,6520,93,23,6.03
142.972052,6526,6520,93,23,6.05
143.07203,6526,6520,104,23,6.05
143.172055,6526,6520,104,23,6.05
143.272031,6526,6520,104,23,6.06
143.372055,6526,6520,145,23,6.06
143.47203,6526,6516,145,23,6.06
143.572054,6526,6520,145,23,6.06
143.67203,6526,6520,145,23,6.06
143.772054,6526,6520,203,23,6.06
143.872036,6526,6516,203,23,6.06
143.972053,6526,6520,203,23,6.04
144.072031,6526,6520,243,23,6.04
144.172055,6526,6520,243,23,6.04
144.272036,6526,6520,243,23,6.06
144.372055,6526,6516,284,23,6.06
144.47203,6526,6520,284,23,6.05
144.572054,6526,6520,284,23,6.05
144.672038,6526,6520,284,23,6.05
144.772053,6526,6520,334,23,6.05
144.872028,6526,6524,334,23,6.05
144.972055,6526,6520,334,23,6.01
145.072038,6526,6520,104,23,6.01
145.172053,6526,6520,104,23,6.01
145.27203,6526,6520,104,23,6.05
145.372061,6526,6520,102,23,6.05
145.47203,6526,6520,102,23,6.06
145.572054,6526,6520,102,23,6.06
145.67203,6526,6520,102,23,6.07
145.772062,6526,6520,112,23,6.07
145.872031,6526,6520,112,23,6.07
145.972054,6526,6520,112,23,6.04
146.072038,6526,6520,0,23,6.04
146.172055,6526,6520,0,23,6.04
146.27203,6526,6524,0,23,6.05
146.372052,6526,6524,0,23,6.05
146.472028,6526,6528,0,23,6.08
146.572049,6526,6524,0,23,6.08
146.67203,6526,6528,0,23,6.04
146.772055,6526,6524,0,23,6.04
146.872038,6526,6524,0,23,6.04
146.972053,6526,6524,0,23,6.05
147.072034,6526,6524,0,23,6.05
147.172013,6526,6524,0,23,6.05
147.272028,6526,6528,0,23,6.06
147.372044,6526,6528,0,23,6.06
147.472031,6526,6524,0,23,6.07
147.57208,6526,6528,0,24,6.07
147.67203,6526,6524,0,24,6.07
147.77207,6526,6532,0,24,6.07
147.87203,6526,6532,0,24,6.07
147.972055,6526,6532,0,24,6.06
148.07203,6526,6532,93,24,6.06
148.172054,6526,6536,93,24,6.06
148.27204,6526,6532,93,24,6.05
148.372055,6526,6532,0,24,6.05
148.472028,6526,6532,0,24,6.06
148.572054,6526,6532,0,24,6.06
148.67205,6526,6528,0,24,6.06
148.772054,6526,6528,0,24,6.06
148.872058,6526,6528,0,24,6.06
148.972063,6526,6528,0,24,6.08
149.072059,6526,6524,0,24,6.08
149.172055,6526,6524,0,24,6.08
149.272044,6526,6528,0,24,6.04
149.372061,6526,6528,0,24,6.04
149.47203,6526,6528,0,24,6.05
149.57206,6526,6532,0,24,6.05
149.672031,6526,6528,0,24,6.06
149.772063,6526,6524,0,24,6.06
149.872029,6526,6520,0,24,6.06
149.972014,6526,6516,0,24,6.06
150.072029,6526,6516,196,24,6.06
150.172053,6526,6512,196,24,6.06
150.27203,6526,6516,196,24,6.06
150.372055,6526,6512,342,24,6.06
150.47203,6526,6516,342,24,6.06
150.572053,6526,6516,342,23,6.06
150.672028,6526,6520,342,23,6.03
150.772052,6526,6524,204,23,6.03
150.872028,6526,6524,204,23,6.03
150.972053,6526,6520,204,23,6.04
151.072029,6526,6520,273,23,6.04
151.172061,6526,6516,273,23,6.04
151.272029,6526,6516,273,23,6.03
151.372054,6526,6516,225,23,6.03
151.472028,6526,6516,225,23,6.01
151.572059,6526,6516,225,23,6.01
151.672028,6526,6520,225,23,6.07
151.77205,6526,6520,93,23,6.07
151.872029,6526,6516,93,23,6.07
151.972049,6526,6516,93,23,6.05
152.072036,6526,6512,25,23,6.05
152.172052,6526,6520,25,23,6.05
152.27203,6526,6516,25,23,6.05
152.372052,6526,6516,412,23,6.05
152.472028,6526,6516,412,23,6.05
152.572052,6526,6516,412,23,6.05
152.672032,6526,6520,412,23,6.06
152.772051,6526,6516,757,23,6.06
152.872037,6526,6520,757,23,6.06
152.972053,6526,6516,757,23,6.06
153.072027,6526,6520,477,23,6.06
153.172051,6526,6520,477,23,6.06
153.27203,6526,6520,477,23,6.07
153.372058,6526,6520,116,23,6.07
153.472044,6526,6520,116,23,6.05
153.572051,6526,6520,116,23,6.05
153.67207,6526,6520,116,23,6.04
153.772059,6526,6524,0,23,6.04
153.872065,6526,6524,0,23,6.04
153.972052,6526,6520,0,23,6.06
154.072046,6526,6520,204,23,6.06
154.172053,6526,6524,204,23,6.06
154.27203,6526,6528,204,23,5.98
154.372052,6526,6528,0,23,5.98
154.472029,6526,6528,0,23,6.03
154.572054,6526,6528,0,23,6.03
154.672033,6526,6528,0,23,6.07
154.772054,6526,6528,0,23,6.07
154.872027,6526,6524,0,23,6.07
154.972053,6526,6524,0,23,6.03
155.072034,6526,6524,0,23,6.03
155.172062,6526,6528,0,23,6.03
155.272029,6526,6524,0,23,6.06
155.372053,6526,6528,0,23,6.06
155.472027,6526,6532,0,23,6.07
155.572052,6526,6532,0,23,6.07
155.672029,6526,6528,0,23,6.07
155.772051,6526,6528,0,23,6.07
155.872038,6526,6532,0,23,6.07
155.972054,6526,6532,0,23,6.07
156.072028,6526,6528,0,23,6.07
156.172052,6526,6524,0,23,6.07
156.272036,6526,6524,0,23,6.05
156.372058,6526,6524,0,23,6.05
156.472029,6526,6528,0,23,6.06
156.57205,6526,6528,0,23,6.06
156.672028,6526,6528,0,23,6.08
156.772062,6526,6528,0,23,6.08
156.87203,6526,6528,0,23,6.08
156.972052,6526,6524,0,23,6.07
157.072034,6526,6524,163,23,6.07
157.172063,6526,6524,163,23,6.07
157.272029,6526,6520,163,23,6.06
157.372053,6526,6520,93,23,6.06
157.472028,6526,6520,93,23,6.06
157.572052,6526,6520,93,24,6.06
157.67203,6526,6520,93,24,6.04
157.772062,6526,6520,126,24,6.04
157.87203,6526,6520,126,24,6.04
157.972053,6526,6520,126,24,6.08
158.072029,6526,6520,162,24,6.08
158.172061,6526,6520,162,24,6.08
158.272029,6526,6516,162,24,6.06
158.372053,6526,6516,201,24,6.06
158.472031,6526,6520,201,24,6.05
158.572053,6526,6520,201,23,6.05
158.67203,6526,6520,201,23,6.06
158.772052,6526,6520,255,23,6.06
158.87203,6526,6520,255,23,6.06
158.972053,6526,6520,255,23,6.05
159.072028,6526,6520,293,23,6.05
159.172044,6526,6520,293,23,6.05
159.272033,6526,6520,293,23,6.05
159.372053,6526,6520,331,23,6.05
159.472031,6526,6520,331,23,6.04
159.572053,6526,6520,331,24,6.04
159.672028,6526,6520,331,24,6.04
159.772052,6526,6520,380,24,6.04
159.87203,6526,6520,380,24,6.04
159.972052,6526,6520,380,24,6.05
160.072029,6526,6520,416,24,6.05
160.172052,6526,6520,416,24,6.05
160.272029,6526,6520,416,24,6.06
160.372051,6526,6524,0,24,6.06
160.472054,6526,6520,0,24,6.06
160.572053,6526,6524,0,23,6.06
160.672062,6526,6520,0,23,6.06
160.772053,6526,6524,0,23,6.06
160.872056,6526,6524,0,23,6.06
160.972052,6526,6524,0,23,6.07
161.072057,6526,6524,0,23,6.07
161.17205,6526,6524,0,23,6.07
161.272053,6526,6524,0,23,6.07
161.372051,6526,6520,204,23,6.07
161.472027,6526,6524,204,23,6.06
161.572053,6526,6524,204,24,6.06
161.672028,6526,6524,204,24,6.05
161.772052,6526,6524,0,24,6.05
161.872029,6526,6524,0,24,6.05
161.972052,6526,6524,0,24,6.06
162.072036,6526,6524,0,24,6.06
162.172061,6526,6524,0,24,6.06
162.272026,6526,6524,0,24,6.08
162.372053,6526,6524,0,24,6.08
162.472028,6526,6524,0,24,6.06
162.572075,6526,6524,0,23,6.06
162.672027,6526,6524,0,23,6.06
162.772036,6526,6524,0,23,6.06
162.872027,6526,6528,0,23,6.06
162.972076,6526,6524,0,23,6.08
163.072027,6526,6528,0,23,6.08
163.172097,6526,6528,0,23,6.08
163.272028,6526,6524,0,23,6.06
163.372079,6526,6524,0,23,6.06
163.472029,6526,6524,0,23,6.07
163.57207,6526,6524,0,24,6.07
163.672029,6526,6524,0,24,6.07
163.772053,6526,6524,0,24,6.07
163.87203,6526,6524,0,24,6.07
163.972053,6526,6524,0,24,6.05
164.072028,6526,6524,0,24,6.05
164.172052,6526,6524,0,24,6.05
164.27203,6526,6524,0,24,6.07
164.372059,6526,6524,327,24,6.07
164.472029,6526,6524,327,24,6.07
164.572052,6526,6520,327,23,6.07
164.672028,6526,6524,327,23,6.07
164.772051,6526,6524,0,23,6.07
164.872037,6526,6524,0,23,6.07
164.972052,6526,6524,0,23,6.06
165.072028,6526,6524,0,23,6.06
165.172054,6526,6524,0,23,6.06
165.272047,6526,6524,0,23,6.06
165.372063,6526,6524,0,23,6.06
165.472029,6526,6524,0,23,6.07
165.572052,6526,6524,0,24,6.07
165.672028,6526,6524,0,24,6.07
165.772054,6526,6524,0,24,6.07
165.872027,6526,6520,0,24,6.07
165.972052,6526,6524,0,24,6.07
166.072028,6526,6524,0,24,6.07
166.172062,6526,6524,0,24,6.07
166.27203,6526,6524,0,24,6.08
166.372054,6526,6524,0,24,6.08
166.472029,6526,6524,0,24,6.03
166.572062,6526,6524,0,23,6.03
166.672047,6526,6524,0,23,6.06
166.772061,6526,6524,0,23,6.06
166.872034,6526,6524,0,23,6.06
166.972061,6526,6524,0,23,6.07
167.072029,6526,6524,0,23,6.07
167.172045,6526,6524,0,23,6.07
167.272039,6526,6524,0,23,6.06
167.372061,6526,6524,0,23,6.06
167.472029,6526,6524,0,23,6.06
167.572052,6526,6524,0,23,6.06
167.672037,6526,6524,0,23,6.07
167.772079,6526,6524,0,23,6.07
167.872029,6526,6524,0,23,6.07
167.972082,6526,6524,0,23,6.07
168.072033,6526,6524,0,23,6.07
168.172069,6526,6524,0,23,6.07
168.27204,6526,6524,0,23,6.05
168.372053,6526,6524,0,23,6.05
168.472037,6526,6524,0,23,6.06
168.572053,6526,6524,0,23,6.06
168.67203,6526,6520,0,23,6.06
168.772053,6526,6524,0,23,6.06
168.872028,6526,6520,0,23,6.06
168.97206,6526,6524,0,23,6.07
169.072037,6526,6524,0,23,6.07
169.172051,6526,6524,0,23,6.07
169.272041,6526,6524,0,23,6.06
169.372053,6526,6524,0,23,6.06
169.472028,6526,6524,0,23,6.05
169.572053,6526,6524,0,23,6.05
169.672028,6526,6524,0,23,6.05
169.772052,6526,6520,93,23,6.05
169.872029,6526,6520,93,23,6.05
169.972051,6526,6520,93,23,6.06
170.072034,6526,6524,0,23,6.06
170.172053,6526,6524,0,23,6.06
170.27203,6526,6524,0,23,6.07
170.372052,6526,6524,0,23,6.07
170.472037,6526,6520,0,23,6.07
170.572053,6526,6524,0,23,6.07
170.672028,6526,6524,0,23,5.98
170.772059,6526,6520,204,23,5.98
170.87203,6526,6520,204,23,5.98
170.972062,6526,6520,204,23,6.06
171.072029,6526,6524,0,23,6.06
171.172052,6526,6524,0,23,6.06
171.271999,6526,6524,0,23,6.05
171.372052,6526,6524,0,23,6.05
171.472028,6526,6524,0,23,6.07
171.572054,6526,6524,0,23,6.07
171.67203,6526,6524,0,23,6.06
171.772052,6526,6524,0,23,6.06
171.872054,6526,6524,0,23,6.06
171.972052,6526,6524,0,23,6.06
172.07203,6526,6524,0,23,6.06
172.172054,6526,6524,0,23,6.06
172.271987,6526,6524,0,23,6.06
172.372055,6526,6524,0,23,6.06
172.472029,6526,6524,0,23,6.02
172.572052,6526,6524,0,23,6.02
172.672029,6526,6524,0,23,6.06
172.772052,6526,6524,0,23,6.06
172.87204,6526,6524,0,23,6.06
172.972052,6526,6524,0,23,6.07
173.072028,6526,6524,0,23,6.07
173.172061,6526,6520,0,23,6.07
173.272028,6526,6520,0,23,6.07
173.372053,6526,6520,163,23,6.07
173.472028,6526,6520,163,23,6.07
173.572051,6526,6524,163,23,6.07
173.672028,6526,6524,163,23,6.03
173.772053,6526,6524,0,23,6.03
173.872027,6526,6520,0,23,6.03
173.972052,6526,6524,0,23,6.03
174.072027,6526,6520,93,23,6.03
174.172052,6526,6520,93,23,6.03
174.272027,6526,6520,93,23,6.07
174.372052,6526,6524,0,23,6.07
174.472028,6526,6524,0,23,6.07
174.572053,6526,6524,0,23,6.07
174.672027,6526,6524,0,23,6.04
174.772061,6526,6520,95,23,6.04
174.872033,6526,6520,95,23,6.04
174.972051,6526,6520,95,23,6.06
175.072028,6526,6520,0,23,6.06
175.172027,6526,6524,0,23,6.06
175.272029,6526,6524,0,23,6.06
175.372069,6526,6524,0,23,6.06
175.47203,6526,6524,0,23,6.05
175.572097,6526,6524,0,24,6.05
175.67203,6526,6524,0,24,6.01
175.77208,6526,6524,0,24,6.01
175.872029,6526,6524,0,24,6.01
175.97207,6526,6524,0,24,6.06
176.072029,6526,6524,0,24,6.06
176.172052,6526,6524,0,24,6.06
176.272028,6526,6524,0,24,6.06
176.372061,6526,6524,0,24,6.06
176.472028,6526,6524,0,24,6.06
176.572059,6526,6524,0,24,6.06
176.67206,6526,6524,0,24,6.07
176.772053,6526,6524,0,24,6.07
176.872045,6526,6524,0,24,6.07
176.972051,6526,6524,0,24,6.06
177.072044,6526,6524,0,24,6.06
177.172052,6526,6524,0,24,6.06
177.272029,6526,6520,0,24,6.06
177.372051,6526,6524,0,24,6.06
177.472028,6526,6524,0,24,6.06
177.572052,6526,6524,0,24,6.06
177.672029,6526,6524,0,24,6.06
177.772053,6526,6524,0,24,6.06
177.872029,6526,6524,0,24,6.06
177.972051,6526,6524,0,24,6.07
178.072029,6526,6524,0,24,6.07
178.172059,6526,6524,0,24,6.07
178.272028,6526,6524,0,24,6.02
178.372051,6526,6524,0,24,6.02
178.472031,6526,6524,0,24,6.05
178.572052,6526,6524,0,24,6.05
178.672037,6526,6524,0,24,6.06
178.772053,6526,6524,0,24,6.06
178.87203,6526,6524,0,24,6.06
178.972053,6526,6524,0,24,6.05
179.072028,6526,6524,0,24,6.05
179.172061,6526,6524,0,24,6.05
179.272029,6526,6520,0,24,6.07
179.372052,6526,6524,0,24,6.07
179.472052,6526,6524,0,24,6.06
179.572059,6526,6524,0,24,6.06
179.672028,6526,6524,0,24,6.06
179.772052,6526,6524,0,24,6.06
179.872027,6526,6524,0,24,6.06
179.972061,6526,6524,0,24,6.07
180.072028,6526,6524,0,24,6.07
180.172051,6526,6524,0,24,6.07
180.272045,6526,6524,0,24,6.07
180.372052,6526,6524,0,24,6.07
180.472059,6526,6524,0,24,6.03
180.572053,6526,6524,0,24,6.03
180.672063,6526,6524,0,24,6.08
180.772053,6526,6524,0,24,6.08
180.872044,6526,6524,0,24,6.08
180.972053,6526,6524,0,24,6.07
181.072037,6526,6520,204,24,6.07
181.172053,6526,6524,204,24,6.07
181.272029,6526,6520,204,24,6.04
181.372061,6526,6524,0,24,6.04
181.472029,6526,6524,0,24,6.06
181.57206,6526,6524,0,24,6.06
181.672028,6526,6524,0,24,5.99
181.772055,6526,6524,0,24,5.99
181.872027,6526,6524,0,24,5.99
181.972051,6526,6520,0,24,6.06
182.072038,6526,6524,0,24,6.06
182.172051,6526,6524,0,24,6.06
182.272029,6526,6524,0,24,6.07
182.372013,6526,6524,0,24,6.07
182.472029,6526,6524,0,24,6.07
182.572052,6526,6524,0,24,6.07
182.672029,6526,6524,0,24,6.07
182.772012,6526,6520,163,24,6.07
182.87199,6526,6524,163,24,6.07
182.972013,6526,6524,163,24,6.05
183.072029,6526,6524,0,24,6.05
183.172054,6526,6524,0,24,6.05
183.272028,6526,6524,0,24,6.06
183.372052,6526,6524,0,24,6.06
183.472037,6526,6524,0,24,6.06
183.572054,6526,6524,0,24,6.06
183.672031,6526,6524,0,24,6.07
183.772051,6526,6524,0,24,6.07
183.872027,6526,6524,0,24,6.07
183.972053,6526,6524,0,24,6.08
184.072027,6526,6524,0,24,6.08
184.172053,6526,6524,0,24,6.08
184.272037,6526,6524,0,24,6.06
184.37206,6526,6524,0,24,6.06
184.47203,6526,6524,0,24,6.07
184.572059,6526,6520,0,24,6.07
184.67203,6526,6524,0,24,6.04
184.772053,6526,6524,0,24,6.04
184.872029,6526,6524,0,24,6.04
184.972052,6526,6524,0,24,6.06
185.072029,6526,6520,327,24,6.06
185.172052,6526,6520,327,24,6.06
185.272028,6526,6524,327,24,6.02
185.372054,6526,6524,93,24,6.02
185.472031,6526,6520,93,24,6.06
185.572051,6526,6520,93,24,6.06
185.672028,6526,6520,93,24,6.07
185.772053,6526,6524,0,24,6.07
185.872036,6526,6524,0,24,6.07
185.972053,6526,6520,0,24,6.07
186.072029,6526,6520,327,24,6.07
186.172052,6526,6520,327,24,6.07
186.272034,6526,6520,327,24,6.05
186.372058,6526,6524,93,24,6.05
186.472029,6526,6524,93,24,6.06
186.572052,6526,6520,93,24,6.06
186.672033,6526,6520,93,24,6.05
186.772052,6526,6524,0,24,6.05
186.872028,6526,6524,0,24,6.05
186.972052,6526,6520,0,24,6.07
187.072029,6526,6524,0,24,6.07
187.172052,6526,6524,0,24,6.07
187.27203,6526,6524,0,24,6.07
187.372061,6526,6524,0,24,6.07
187.47203,6526,6520,0,24,6.06
187.572052,6526,6524,0,24,6.06
187.672029,6526,6524,0,24,6.06
187.772052,6526,6520,0,24,6.06
187.872028,6526,6524,0,24,6.06
187.972053,6526,6524,0,24,6.06
188.072033,6526,6524,0,24,6.06
188.172053,6526,6524,0,24,6.06
188.27201,6526,6520,0,24,6.04
188.372052,6526,6520,0,24,6.04
188.472074,6526,6520,0,24,6.05
188.57206,6526,6524,0,24,6.05
188.672055,6526,6524,0,24,6.06
188.772054,6526,6520,93,24,6.06
188.872054,6526,6520,93,24,6.06
188.972055,6526,6524,93,24,6.07
189.072028,6526,6524,0,24,6.07
189.172053,6526,6524,0,24,6.07
189.272028,6526,6524,0,24,6.05
189.372058,6526,6524,0,24,6.05
189.472028,6526,6524,0,24,6.07
189.572084,6526,6524,0,24,6.07
189.672036,6526,6524,0,24,6.08
189.772049,6526,6524,163,24,6.08
189.87203,6526,6524,163,24,6.08
189.972079,6526,6524,163,24,6.07
190.072037,6526,6524,0,24,6.07
190.172053,6526,6524,0,24,6.07
190.272027,6526,6524,0,24,6.06
190.372053,6526,6524,0,24,6.06
190.472036,6526,6524,0,24,6.07
190.572053,6526,6524,0,24,6.07
190.672029,6526,6524,0,24,6.07
190.772054,6526,6524,0,24,6.07
190.872036,6526,6524,0,24,6.07
190.972051,6526,6524,0,24,6.07
191.072027,6526,6524,0,24,6.07
191.172053,6526,6524,0,24,6.07
191.272027,6526,6524,0,24,6.07
191.372065,6526,6524,0,24,6.07
191.472029,6526,6524,0,24,6.07
191.572054,6526,6524,0,24,6.07
191.672029,6526,6524,0,24,6.07
191.772054,6526,6524,0,24,6.07
191.872027,6526,6524,0,24,6.07
191.972052,6526,6524,0,24,6.07
192.072034,6526,6524,0,24,6.07
192.172054,6526,6524,0,24,6.07
192.272029,6526,6520,0,24,6.07
192.372054,6526,6524,0,24,6.07
192.47203,6526,6524,0,24,6.07
192.572064,6526,6524,0,24,6.07
192.672029,6526,6524,0,24,6.06
192.772012,6526,6524,0,24,6.06
192.872034,6526,6524,0,24,6.06
192.972068,6526,6524,0,24,6.07
193.072027,6526,6524,0,24,6.07
193.172042,6526,6524,0,24,6.07
193.272031,6526,6524,0,24,6.07
193.37208,6526,6524,0,24,6.07
193.47203,6526,6520,0,24,6.06
193.572059,6526,6524,0,24,6.06
193.672028,6526,6524,0,24,6.04
193.772052,6526,6520,327,24,6.04
193.872029,6526,6524,327,24,6.04
193.972052,6526,6524,327,24,6.06
194.072029,6526,6524,0,24,6.06
194.172056,6526,6524,0,24,6.06
194.272027,6526,6524,0,24,6.06
194.372053,6526,6524,0,24,6.06
194.472028,6526,6524,0,24,6.07
194.572061,6526,6520,0,24,6.07
194.672028,6526,6524,0,24,6.06
194.772054,6526,6524,0,24,6.06
194.872049,6526,6524,0,24,6.06
194.972052,6526,6524,0,24,6.07
195.072031,6526,6524,0,24,6.07
195.172052,6526,6524,0,24,6.07
195.272029,6526,6524,0,24,6.06
195.372059,6526,6524,0,24,6.06
195.472029,6526,6520,0,24,6.05
195.572053,6526,6524,0,24,6.05
195.67203,6526,6524,0,24,6.07
195.772042,6526,6524,0,24,6.07
195.87203,6526,6520,0,24,6.07
195.972042,6526,6524,0,24,6.07
196.072029,6526,6524,163,24,6.07
196.172042,6526,6524,163,24,6.07
196.272029,6526,6524,163,24,6.06
196.372054,6526,6524,0,24,6.06
196.472029,6526,6520,0,24,6.08
196.572053,6526,6524,0,24,6.08
196.672029,6526,6524,0,24,6.06
196.772052,6526,6524,204,24,6.06
196.872028,6526,6524,204,24,6.06
196.972056,6526,6524,204,24,6.05
197.072027,6526,6524,0,24,6.05
197.172052,6526,6524,0,24,6.05
197.272029,6526,6520,0,24,6.07
197.372053,6526,6524,0,24,6.07
197.47203,6526,6524,0,24,6.07
197.572053,6526,6524,0,24,6.07
197.672028,6526,6520,0,24,6.05
197.77205,6526,6524,0,24,6.05
197.87203,6526,6524,0,24,6.05
197.972062,6526,6524,0,24,6.06
198.072027,6526,6524,0,24,6.06
198.172053,6526,6524,0,24,6.06
198.272039,6526,6524,0,24,6.07
198.372054,6526,6524,0,24,6.07
198.472028,6526,6524,0,24,6.05
198.572052,6526,6524,0,24,6.05
198.672038,6526,6524,0,24,6.06
198.772053,6526,6524,0,24,6.06
198.872029,6526,6524,0,24,6.06
198.972053,6526,6524,0,24,6.06
199.072029,6526,6524,0,24,6.06
199.172053,6526,6524,0,24,6.06
199.27203,6526,6524,0,24,6.07
199.372053,6526,6524,0,24,6.07
199.472033,6526,6524,0,24,6.07
199.572054,6526,6524,0,24,6.07
199.672029,6526,6524,0,24,6.06
199.772052,6526,6524,0,24,6.06
199.872038,6526,6524,0,24,6.06
199.972053,6526,6524,0,24,6.07
200.07203,6526,6524,0,24,6.07
200.172061,6526,6524,0,24,6.07
200.272029,6526,6524,0,24,6.06
200.372041,6526,6524,163,24,6.06
200.472029,6526,6524,163,24,6.07
200.572056,6526,6524,163,24,6.07
200.672029,6526,6524,163,24,6.06
200.772039,6526,6524,204,24,6.06
200.872029,6526,6524,204,24,6.06
200.97209,6526,6524,204,24,6.07
201.072029,6526,6524,93,24,6.07
201.172067,6526,6524,93,24,6.07
201.272037,6526,6524,93,24,6.06
201.372051,6526,6520,204,24,6.06
201.472026,6526,6524,204,24,6.02
201.572051,6526,6520,204,23,6.02
201.672036,6526,6520,204,23,6.04
201.772053,6526,6524,163,23,6.04
201.872033,6526,6524,163,23,6.04
201.972052,6526,6524,163,23,6.04
202.072035,6526,6520,93,23,6.04
202.172052,6526,6520,93,23,6.04
202.272055,6526,6524,93,23,6.06
202.372049,6526,6520,100,23,6.06
202.472054,6526,6520,100,23,6.06
202.572052,6526,6524,100,24,6.06
202.672054,6526,6524,100,24,6.04
202.772052,6526,6520,163,24,6.04
202.872052,6526,6520,163,24,6.04
202.972052,6526,6520,163,24,6.06
203.072041,6526,6520,105,24,6.06
203.172053,6526,6520,105,24,6.06
203.272028,6526,6520,105,24,6.07
203.372054,6526,6520,143,24,6.07
203.472037,6526,6520,143,24,6.04
203.572053,6526,6520,143,23,6.04
203.672029,6526,6520,143,23,6.07
203.772054,6526,6520,107,23,6.07
203.87204,6526,6520,107,23,6.07
203.972056,6526,6520,107,23,6.06
204.07203,6526,6520,143,23,6.06
204.172053,6526,6520,143,23,6.06
204.272037,6526,6520,143,23,6.06
204.372055,6526,6520,180,23,6.06
204.472031,6526,6520,180,23,6.05
204.572054,6526,6520,180,24,6.05
204.672039,6526,6520,180,24,6.06
204.772055,6526,6520,230,24,6.06
204.872032,6526,6520,230,24,6.06
204.972056,6526,6520,230,24,6.05
205.072039,6526,6520,266,24,6.05
205.172054,6526,6520,266,24,6.05
205.272033,6526,6520,266,24,6.02
205.372054,6526,6520,303,24,6.02
205.47203,6526,6520,303,24,6.04
205.572053,6526,6520,303,23,6.04
205.67203,6526,6520,303,23,6.06
205.772053,6526,6520,353,23,6.06
205.87203,6526,6520,353,23,6.06
205.972053,6526,6520,353,23,6.05
206.07203,6526,6520,104,23,6.05
206.172052,6526,6520,104,23,6.05
206.272028,6526,6520,104,23,6.05
206.372053,6526,6520,0,23,6.05
206.47203,6526,6520,0,23,6.05
206.572052,6526,6524,0,24,6.05
206.672038,6526,6520,0,24,6.06
206.772053,6526,6520,0,24,6.06
206.87203,6526,6524,0,24,6.06
206.972055,6526,6524,0,24,6.05
207.072028,6526,6524,0,24,6.05
207.172059,6526,6524,0,24,6.05
207.272006,6526,6524,0,24,6.05
207.372017,6526,6524,0,24,6.05
207.472042,6526,6524,0,24,6.05
207.572054,6526,6524,0,24,6.05
207.672046,6526,6524,0,24,6.07
207.772053,6526,6524,0,24,6.07
207.872056,6526,6524,0,24,6.07
207.972042,6526,6524,0,24,6.05
208.072049,6526,6524,0,24,6.05
208.172054,6526,6524,0,24,6.05
208.272031,6526,6524,0,24,6.04
208.372054,6526,6524,0,24,6.04
208.472029,6526,6524,0,24,6.07
208.572061,6526,6524,0,24,6.07
208.672031,6526,6524,0,24,6.06
208.772052,6526,6524,0,24,6.06
208.872038,6526,6524,0,24,6.06
208.972052,6526,6524,0,24,6.07
209.072039,6526,6524,0,24,6.07
209.172054,6526,6524,0,24,6.07
209.272056,6526,6524,0,24,6.07
209.372052,6526,6524,163,24,6.07
209.472041,6526,6524,163,24,6.07
209.572052,6526,6524,163,24,6.07
209.672029,6526,6524,163,24,6.06
209.772054,6526,6520,93,24,6.06
209.87203,6526,6520,93,24,6.06
209.972053,6526,6524,93,24,6.06
210.07203,6526,6520,204,24,6.06
210.172053,6526,6520,204,24,6.06
210.272031,6526,6524,204,24,6.07
210.372054,6526,6524,0,24,6.07
210.472031,6526,6520,0,24,6.07
210.572051,6526,6520,0,24,6.07
210.67203,6526,6524,0,24,6.06
210.772055,6526,6524,0,24,6.06
210.872038,6526,6524,0,24,6.06
210.972062,6526,6524,0,24,6.06
211.072039,6526,6524,0,24,6.06
211.172054,6526,6524,0,24,6.06
211.272029,6526,6524,0,24,6.06
211.372054,6526,6520,327,24,6.06
211.47203,6526,6520,327,24,6.04
211.572052,6526,6524,327,24,6.04
211.67203,6526,6520,327,24,6.05
211.772053,6526,6520,97,24,6.05
211.872037,6526,6520,97,24,6.05
211.972054,6526,6520,97,24,6.03
212.072054,6526,6520,134,24,6.03
212.172053,6526,6520,134,24,6.03
212.272031,6526,6520,134,24,6.06
212.372053,6526,6520,172,24,6.06
212.472037,6526,6520,172,24,6.05
212.572055,6526,6520,172,24,6.05
212.67203,6526,6520,172,24,6.01
212.772053,6526,6520,126,24,6.01
212.872038,6526,6520,126,24,6.01
212.972052,6526,6524,126,24,6.06
213.07203,6526,6520,97,24,6.06
213.172052,6526,6520,97,24,6.06
213.272045,6526,6520,97,24,6.06
213.372053,6526,6520,133,24,6.06
213.472057,6526,6520,133,24,6.06
213.572055,6526,6520,133,24,6.06
213.672046,6526,6520,133,24,6.05
213.772054,6526,6520,110,24,6.05
213.872043,6526,6520,110,24,6.05
213.972053,6526,6520,110,24,6.01
214.072038,6526,6524,93,24,6.01
214.172053,6526,6520,93,24,6.01
214.272028,6526,6524,93,24,6.06
214.372067,6526,6520,93,24,6.06
214.47203,6526,6524,93,24,6.06
214.57205,6526,6520,93,24,6.06
214.672037,6526,6520,93,24,6.07
214.772054,6526,6520,98,24,6.07
214.872045,6526,6520,98,24,6.07
214.972058,6526,6520,98,24,6.05
215.07203,6526,6520,114,24,6.05
215.172056,6526,6524,114,24,6.05
215.272051,6526,6520,114,24,6.07
215.37202,6526,6520,20,24,6.07
215.47203,6526,6520,20,24,6.06
215.572078,6526,6520,20,24,6.06
215.672031,6526,6520,20,24,6.06
215.772079,6526,6520,250,24,6.06
215.872031,6526,6516,250,24,6.06
215.972083,6526,6516,250,24,6.07
216.072029,6526,6516,303,24,6.07
216.17207,6526,6516,303,24,6.07
216.272041,6526,6516,303,24,6.05
216.372062,6526,6516,365,24,6.05
216.47203,6526,6516,365,24,6.05
216.572057,6526,6516,365,24,6.05
216.672031,6526,6512,365,24,6.06
216.772064,6526,6516,450,24,6.06
216.87203,6526,6516,450,24,6.06
216.972055,6526,6516,450,24,6.03
217.072029,6526,6516,511,24,6.03
217.17206,6526,6516,511,24,6.03
217.272029,6526,6516,511,24,6.04
217.372054,6526,6516,573,24,6.04
217.47203,6526,6516,573,24,6.05
217.572053,6526,6516,573,24,6.05
217.67203,6526,6520,573,24,6.02
217.772053,6526,6520,204,24,6.02
217.872038,6526,6520,204,24,6.02
217.972053,6526,6520,204,24,6.06
218.072029,6526,6520,107,24,6.06
218.172055,6526,6520,107,24,6.06
218.272029,6526,6520,107,24,6.06
218.372054,6526,6520,145,24,6.06
218.472029,6526,6520,145,24,6.06
218.57207,6526,6520,145,24,6.06
218.67203,6526,6520,145,24,6.06
218.772054,6526,6520,95,24,6.06
218.872037,6526,6520,95,24,6.06
218.972053,6526,6520,95,24,6.06
219.072031,6526,6520,109,24,6.06
219.172053,6526,6520,109,24,6.06
219.272039,6526,6520,109,24,6.07
219.372053,6526,6524,0,24,6.07
219.47203,6526,6520,0,24,6.06
219.572054,6526,6520,0,24,6.06
219.672038,6526,6520,0,24,6.06
219.772068,6526,6524,0,24,6.06
219.872031,6526,6520,0,24,6.06
219.972055,6526,6520,0,24,6.06
220.072039,6526,6520,93,24,6.06
220.172054,6526,6520,93,24,6.06
220.272028,6526,6520,93,24,6.07
220.372043,6526,6524,204,24,6.07
220.472029,6526,6520,204,24,6.05
220.572044,6526,6524,204,24,6.05
220.672028,6526,6520,204,24,6.03
220.772015,6526,6520,93,24,6.03
220.872034,6526,6520,93,24,6.03
220.972054,6526,6524,93,24,6.06
221.072028,6526,6524,93,24,6.06
221.172014,6526,6524,93,24,6.06
221.272029,6526,6520,93,24,6.05
221.372076,6526,6524,0,24,6.05
221.472028,6526,6524,0,24,6.05
221.572078,6526,6524,0,24,6.05
221.672034,6526,6524,0,24,6.04
221.772053,6526,6528,0,24,6.04
221.872029,6526,6528,0,24,6.04
221.972058,6526,6524,0,24,6.04
222.072031,6526,6520,204,24,6.04
222.172056,6526,6520,204,24,6.04
222.272029,6526,6524,204,24,6.06
222.372052,6526,6524,0,24,6.06
222.472029,6526,6524,0,24,6.05
222.572053,6526,6524,0,24,6.05
222.67203,6526,6524,0,24,5.94
222.772053,6526,6528,0,24,5.94
222.872029,6526,6524,0,24,5.94
222.972061,6526,6520,0,24,6.04
223.072029,6526,6520,204,24,6.04
223.172054,6526,6520,204,24,6.04
223.272028,6526,6520,204,24,6.04
223.372053,6526,6524,0,24,6.04
223.472028,6526,6524,0,24,6.03
223.572054,6526,6520,0,24,6.03
223.672028,6526,6520,0,24,6.06
223.772055,6526,6520,122,24,6.06
223.872028,6526,6520,122,24,6.06
223.972052,6526,6520,122,24,6.07
224.072029,6526,6520,95,24,6.07
224.17206,6526,6524,95,24,6.07
224.272027,6526,6520,95,24,6.07
224.372053,6526,6524,0,24,6.07
224.472028,6526,6524,0,24,6.06
224.572053,6526,6524,0,24,6.06
224.672028,6526,6520,0,24,6.05
224.772053,6526,6520,102,24,6.05
224.87203,6526,6520,102,24,6.05
224.972053,6526,6520,102,24,6.07
225.072028,6526,6520,93,24,6.07
225.172071,6526,6520,93,24,6.07
225.272036,6526,6520,93,24,6.06
225.372047,6526,6520,93,24,6.06
225.47203,6526,6524,93,24,6.06
225.572079,6526,6524,93,24,6.06
225.672029,6526,6524,93,24,6.06
225.772053,6526,6520,0,24,6.06
225.872029,6526,6520,0,24,6.06
225.972051,6526,6520,0,24,6.06
226.072036,6526,6520,93,24,6.06
226.172053,6526,6520,93,24,6.06
226.272043,6526,6520,93,24,6.06
226.372053,6526,6520,93,24,6.06
226.472038,6526,6520,93,24,6.05
226.572052,6526,6520,93,24,6.05
226.672028,6526,6520,93,24,6.06
226.77206,6526,6520,100,24,6.06
226.872028,6526,6520,100,24,6.06
226.972059,6526,6520,100,24,6.07
227.072042,6526,6520,100,24,6.07
227.172054,6526,6520,100,24,6.07
227.272043,6526,6520,100,24,6.06
227.372045,6526,6520,112,24,6.06
227.472047,6526,6520,112,24,6.04
227.572052,6526,6520,112,24,6.04
227.672043,6526,6520,112,24,6.08
227.772051,6526,6520,104,24,6.08
227.872037,6526,6520,104,24,6.08
227.972053,6526,6520,104,24,6.07
228.072028,6526,6520,93,24,6.07
228.172052,6526,6520,93,24,6.07
228.272036,6526,6524,93,24,6.06
228.372064,6526,6520,95,24,6.06
228.472029,6526,6520,95,24,6.05
228.572051,6526,6520,95,24,6.05
228.672029,6526,6520,95,24,6.06
228.772054,6526,6520,93,24,6.06
228.872029,6526,6520,93,24,6.06
228.972053,6526,6520,93,24,6.06
229.07203,6526,6520,93,24,6.06
229.172052,6526,6520,93,24,6.06
229.272029,6526,6520,93,24,6.07
229.37208,6526,6524,0,24,6.07
229.472031,6526,6524,0,24,6.08
229.572053,6526,6524,0,24,6.08
229.672034,6526,6524,0,24,6.07
229.772053,6526,6524,0,24,6.07
229.872007,6526,6524,0,24,6.07
229.972052,6526,6524,0,24,6.07
230.072058,6526,6524,0,24,6.07
230.172045,6526,6524,0,24,6.07
230.272045,6526,6524,0,24,6.07
230.372071,6526,6524,0,24,6.07
230.47203,6526,6524,0,24,6.07
230.572055,6526,6524,0,24,6.07
230.67203,6526,6524,0,24,6.06
230.772054,6526,6524,0,24,6.06
230.872028,6526,6524,0,24,6.06
230.972078,6526,6524,0,24,6.08
231.072029,6526,6524,0,24,6.08
231.172052,6526,6524,0,24,6.08
231.272029,6526,6524,0,24,6.07
231.37213,6526,6524,0,24,6.07
231.47203,6526,6524,0,24,6.06
231.572055,6526,6524,0,24,6.06
231.672038,6526,6524,0,24,6.05
231.772061,6526,6524,0,24,6.05
231.87203,6526,6524,0,24,6.05
231.972059,6526,6524,0,24,6.07
232.072029,6526,6524,0,24,6.07
232.17206,6526,6524,0,24,6.07
232.272029,6526,6524,0,24,6.06
232.372013,6526,6524,0,24,6.06
232.472029,6526,6524,0,24,6.07
232.572052,6526,6520,0,24,6.07
232.672041,6526,6524,0,24,6.07
232.772016,6526,6524,93,24,6.07
232.872029,6526,6520,93,24,6.07
232.972012,6526,6524,93,24,6.06
233.072029,6526,6520,93,24,6.06
233.172052,6526,6520,93,24,6.06
233.272026,6526,6520,93,24,6.06
233.372011,6526,6520,95,24,6.06
233.472028,6526,6520,95,24,6.06
233.572053,6526,6520,95,24,6.06
233.67203,6526,6520,95,24,6.06
233.772053,6526,6520,95,24,6.06
233.872038,6526,6520,95,24,6.06
233.972052,6526,6520,95,24,6.07
234.072028,6526,6520,95,24,6.07
234.172053,6526,6520,95,24,6.07
234.272039,6526,6520,95,24,6.06
234.372054,6526,6520,98,24,6.06
234.472029,6526,6520,98,24,6.07
234.572055,6526,6520,98,24,6.07
234.67204,6526,6520,98,24,6.06
234.772062,6526,6520,0,24,6.06
234.872031,6526,6520,0,24,6.06
234.972051,6526,6520,0,24,6.05
235.07203,6526,6524,95,24,6.05
235.172052,6526,6520,95,24,6.05
235.272027,6526,6520,95,24,6.08
235.372053,6526,6524,0,24,6.08
235.472029,6526,6524,0,24,6.06
235.572061,6526,6520,0,24,6.06
235.67203,6526,6524,0,24,6.06
235.772053,6526,6524,93,24,6.06
235.872029,6526,6524,93,24,6.06
235.972052,6526,6524,93,24,6.07
236.072031,6526,6524,0,24,6.07
236.172054,6526,6524,0,24,6.07
236.27203,6526,6524,0,24,6.07
236.372061,6526,6524,0,24,6.07
236.472044,6526,6524,0,24,6.06
236.572062,6526,6524,0,24,6.06
236.672055,6526,6524,0,24,6.06
236.772052,6526,6524,0,24,6.06
236.872087,6526,6524,0,24,6.06
236.972053,6526,6524,0,24,6.08
237.072064,6526,6524,0,24,6.08
237.172079,6526,6524,0,24,6.08
237.272045,6526,6524,0,24,6.07
237.372053,6526,6524,0,24,6.07
237.47203,6526,6524,0,24,6.08
237.572059,6526,6524,0,24,6.08
237.672029,6526,6524,0,24,6.08
237.772062,6526,6524,0,24,6.08
237.872027,6526,6524,0,24,6.08
237.97206,6526,6524,0,24,6.08
238.072039,6526,6524,0,24,6.08
238.172058,6526,6524,0,24,6.08
238.272028,6526,6524,0,24,6.07
238.372097,6526,6524,0,24,6.07
238.472036,6526,6524,0,24,6.06
238.572069,6526,6524,0,24,6.06
238.67204,6526,6524,0,24,6.07
238.772054,6526,6524,0,24,6.07
238.872041,6526,6524,0,24,6.07
238.972053,6526,6524,0,24,6.07
239.072028,6526,6524,0,24,6.07
239.172054,6526,6524,0,24,6.07
239.272029,6526,6524,0,24,6.07
239.372053,6526,6524,0,24,6.07
239.472048,6526,6524,0,24,6.07
239.572062,6526,6524,0,24,6.07
239.672029,6526,6524,0,24,6.07
239.772053,6526,6524,0,24,6.07
239.872039,6526,6524,0,24,6.07
239.972061,6526,6524,0,24,6.06
240.07203,6526,6524,0,24,6.06
240.172054,6526,6524,0,24,6.06
240.272028,6526,6524,0,24,6.07
240.372061,6526,6524,0,24,6.07
240.472029,6526,6524,0,24,6.07
240.572053,6526,6524,0,24,6.07
240.67203,6526,6524,0,24,6.07
240.772072,6526,6524,0,24,6.07
240.872028,6526,6524,0,24,6.07
240.97209,6526,6524,0,24,6.07
241.072031,6526,6524,0,24,6.07
241.17207,6526,6524,0,24,6.07
241.27203,6526,6524,0,24,6.06
241.372056,6526,6520,163,24,6.06
241.472038,6526,6524,163,24,6.08
241.572054,6526,6524,163,24,6.08
241.672029,6526,6524,163,24,6.07
241.772053,6526,6524,0,24,6.07
241.872037,6526,6524,0,24,6.07
241.972052,6526,6524,0,24,6.06
242.072028,6526,6520,163,24,6.06
242.172054,6526,6520,163,24,6.06
242.272028,6526,6524,163,24,6.07
242.372053,6526,6524,0,24,6.07
242.47203,6526,6524,0,24,6.05
242.572053,6526,6524,0,24,6.05
242.67203,6526,6524,0,24,6.07
242.772053,6526,6524,0,24,6.07
242.872029,6526,6520,0,24,6.07
242.972054,6526,6524,0,24,6.06
243.072028,6526,6520,95,24,6.06
243.172052,6526,6520,95,24,6.06
243.272029,6526,6524,95,24,6.06
243.372053,6526,6524,0,24,6.06
243.472029,6526,6520,0,24,6.05
243.572054,6526,6520,0,24,6.05
243.672038,6526,6524,0,24,6.05
243.772053,6526,6524,95,24,6.05
243.87203,6526,6520,95,24,6.05
243.972054,6526,6520,95,24,6.04
244.072029,6526,6520,97,24,6.04
244.172053,6526,6520,97,24,6.04
244.272031,6526,6520,97,24,6.06
244.372053,6526,6520,133,24,6.06
244.472029,6526,6520,133,24,6.06
244.572048,6526,6520,133,24,6.06
244.67204,6526,6524,133,24,6.05
244.772062,6526,6520,204,24,6.05
244.872038,6526,6520,204,24,6.05
244.972062,6526,6520,204,24,6.05
245.072032,6526,6524,0,24,6.05
245.172054,6526,6520,0,24,6.05
245.272039,6526,6520,0,24,6.06
245.372053,6526,6524,0,24,6.06
245.471995,6526,6520,0,24,6.05
245.572054,6526,6524,0,24,6.05
245.67199,6526,6520,0,24,6.04
245.772061,6526,6524,0,24,6.04
245.872031,6526,6520,0,24,6.04
245.972014,6526,6520,0,24,6.06
246.072021,6526,6520,0,24,6.06
246.172054,6526,6524,0,24,6.06
246.272026,6526,6520,0,24,6.07
246.372014,6526,6520,93,24,6.07
246.472029,6526,6520,93,24,6.05
246.572054,6526,6524,93,24,6.05
246.672032,6526,6520,93,24,6.08
246.772055,6526,6520,98,24,6.08
246.87204,6526,6520,98,24,6.08
246.972055,6526,6520,98,24,6.05
247.072064,6526,6520,102,24,6.05
247.172054,6526,6520,102,24,6.05
247.272066,6526,6520,102,24,6.07
247.372052,6526,6520,107,24,6.07
247.472029,6526,6520,107,24,6.06
247.572053,6526,6520,107,24,6.06
247.672028,6526,6520,107,24,6.06
247.772063,6526,6520,134,24,6.06
247.872029,6526,6520,134,24,6.06
247.972054,6526,6520,134,24,6.07
248.072048,6526,6520,172,24,6.07
248.172055,6526,6520,172,24,6.07
248.272031,6526,6520,172,24,6.06
248.37206,6526,6520,208,24,6.06
248.472028,6526,6520,208,24,6.06
248.572061,6526,6520,208,24,6.06
248.672028,6526,6520,208,24,6.06
248.772053,6526,6520,257,24,6.06
248.872038,6526,6520,257,24,6.06
248.972053,6526,6520,257,24,6.05
249.072029,6526,6520,163,24,6.05
249.172054,6526,6524,163,24,6.05
249.272038,6526,6520,163,24,6.06
249.372064,6526,6524,0,24,6.06
249.472031,6526,6524,0,24,6.02
249.572059,6526,6524,0,24,6.02
249.67203,6526,6520,0,24,6.05
249.772055,6526,6524,0,24,6.05
249.872028,6526,6520,0,24,6.05
249.972044,6526,6524,0,24,6.05
250.072028,6526,6524,0,24,6.05
250.172076,6526,6524,0,24,6.05
250.27203,6526,6524,0,24,6.08
250.372062,6526,6520,204,24,6.08
250.472038,6526,6524,204,24,6.07
250.572081,6526,6524,204,24,6.07
250.672028,6526,6524,204,24,6.06
250.77207,6526,6524,0,24,6.06
250.872029,6526,6524,0,24,6.06
250.972054,6526,6524,0,24,6.07
251.072031,6526,6520,163,24,6.07
251.172053,6526,6520,163,24,6.07
251.272031,6526,6520,163,24,6.07
251.372054,6526,6524,0,24,6.07
251.47203,6526,6524,0,24,6.07
251.572054,6526,6524,0,24,6.07
251.672031,6526,6524,0,24,6.06
251.772054,6526,6524,0,24,6.06
251.872032,6526,6524,0,24,6.06
251.972052,6526,6524,0,24,6.07
252.072028,6526,6520,93,24,6.07
252.172062,6526,6520,93,24,6.07
252.27203,6526,6520,93,24,6.07
252.372054,6526,6520,0,24,6.07
252.472031,6526,6524,0,24,6.06
252.572054,6526,6524,0,24,6.06
252.67203,6526,6524,0,24,6.07
252.772054,6526,6524,93,24,6.07
252.872037,6526,6524,93,24,6.07
252.972054,6526,6520,93,24,6.07
253.07203,6526,6520,93,24,6.07
253.172061,6526,6520,93,24,6.07
253.272038,6526,6520,93,24,6.06
253.372054,6526,6520,97,24,6.06
253.47203,6526,6520,97,24,6.05
253.572051,6526,6520,97,24,6.05
253.672031,6526,6520,97,24,6.03
253.772053,6526,6520,95,24,6.03
253.87203,6526,6520,95,24,6.03
253.972054,6526,6520,95,24,6.06
254.072028,6526,6520,95,24,6.06
254.172051,6526,6520,95,24,6.06
254.272029,6526,6520,95,24,6.06
254.372056,6526,6520,100,24,6.06
254.472047,6526,6520,100,24,6.06
254.572052,6526,6520,100,24,6.06
254.672051,6526,6520,100,24,6.06
254.77206,6526,6520,95,24,6.06
254.872068,6526,6524,95,24,6.06
254.972042,6526,6520,95,24,6.06
255.072044,6526,6524,0,24,6.06
255.17207,6526,6524,0,24,6.06
255.272029,6526,6520,0,24,6.05
255.372067,6526,6524,0,24,6.05
255.472028,6526,6520,0,24,6.06
255.572077,6526,6524,0,24,6.06
255.67203,6526,6520,0,24,6.07
255.772052,6526,6524,0,24,6.07
255.872027,6526,6520,0,24,6.07
255.972053,6526,6524,0,24,6.06
256.072029,6526,6524,0,24,6.06
256.172051,6526,6524,0,24,6.06
256.272029,6526,6524,0,24,6.07
256.372053,6526,6524,0,24,6.07
256.472029,6526,6524,0,24,6.07
256.572051,6526,6524,0,24,6.07
256.672029,6526,6524,0,24,6.07
256.772059,6526,6524,0,24,6.07
256.872028,6526,6524,0,24,6.07
256.972054,6526,6524,0,24,6.07
257.072032,6526,6524,0,24,6.07
257.17206,6526,6524,0,24,6.07
257.272029,6526,6524,0,24,6.04
257.372052,6526,6524,0,24,6.04
257.472038,6526,6524,0,24,6.05
257.572054,6526,6524,0,24,6.05
257.672028,6526,6524,0,24,6.06
257.772039,6526,6524,0,24,6.06
257.872028,6526,6524,0,24,6.06
257.972014,6526,6524,0,24,6.07
258.072027,6526,6524,0,24,6.07
258.172061,6526,6520,0,24,6.07
258.272027,6526,6524,0,24,6.03
258.372053,6526,6524,0,24,6.03
258.472028,6526,6524,0,24,6.03
258.572061,6526,6524,0,24,6.03
258.672029,6526,6524,0,24,6.07
258.772054,6526,6524,0,24,6.07
258.872029,6526,6524,0,24,6.07
258.972052,6526,6524,0,24,6.05
259.072029,6526,6524,93,24,6.05
259.172052,6526,6520,93,24,6.05
259.272028,6526,6524,93,24,6.07
259.372052,6526,6520,163,24,6.07
259.472035,6526,6524,163,24,6.06
259.572053,6526,6524,163,24,6.06
259.672029,6526,6524,163,24,6.05
259.772052,6526,6524,0,24,6.05
259.872028,6526,6524,0,24,6.05
259.972052,6526,6524,0,24,6.06
260.07203,6526,6524,0,24,6.06
260.172053,6526,6524,0,24,6.06
260.272027,6526,6524,0,24,6.06
260.372054,6526,6524,0,24,6.06
260.472027,6526,6520,0,24,6.06
260.57206,6526,6520,0,24,6.06
260.672029,6526,6520,0,24,6.06
260.772052,6526,6520,327,24,6.06
260.872029,6526,6524,327,24,6.06
260.972053,6526,6524,327,24,6.06
261.072029,6526,6524,0,24,6.06
261.172052,6526,6520,0,24,6.06
261.272029,6526,6520,0,24,6.06
261.372052,6526,6524,0,24,6.06
261.472029,6526,6524,0,24,6.05
261.572053,6526,6520,0,24,6.05
261.672038,6526,6524,0,24,6.07
261.772052,6526,6524,0,24,6.07
261.872029,6526,6520,0,24,6.07
261.972054,6526,6524,0,24,6.04
262.072037,6526,6520,102,24,6.04
262.172053,6526,6520,102,24,6.04
262.272028,6526,6524,102,24,6.04
262.372054,6526,6524,0,24,6.04
262.472029,6526,6520,0,24,6.05
262.572053,6526,6524,0,24,6.05
262.672037,6526,6520,0,24,6.05
262.772061,6526,6524,95,24,6.05
262.872029,6526,6524,95,24,6.05
262.972053,6526,6524,95,24,6.03
263.072029,6526,6524,0,24,6.03
263.172053,6526,6524,0,24,6.03
263.272031,6526,6524,0,24,6.03
263.372053,6526,6524,0,24,6.03
263.472034,6526,6524,0,24,6.06
263.572059,6526,6524,0,24,6.06
263.672053,6526,6524,0,24,6.05
263.772054,6526,6524,0,24,6.05
263.872081,6526,6524,0,24,6.05
263.972053,6526,6520,0,24,6.06
264.072056,6526,6524,0,24,6.06
264.172053,6526,6520,0,24,6.06
264.272054,6526,6524,0,24,6.07
264.372052,6526,6524,0,24,6.07
264.472028,6526,6524,0,24,6.04
264.572054,6526,6520,0,24,6.04
264.672028,6526,6520,0,24,6.04
264.772053,6526,6524,0,24,6.04
264.87203,6526,6520,0,24,6.04
264.972051,6526,6520,0,24,6.05
265.07203,6526,6520,100,24,6.05
265.172053,6526,6520,100,24,6.05
265.272028,6526,6520,100,24,6.06
265.372052,6526,6520,122,24,6.06
265.472037,6526,6520,122,24,6.06
265.572053,6526,6520,122,24,6.06
265.672029,6526,6520,122,24,6.06
265.772052,6526,6520,129,24,6.06
265.872036,6526,6520,129,24,6.06
265.972052,6526,6520,129,24,6.05
266.072023,6526,6520,167,24,6.05
266.172061,6526,6520,167,24,6.05
266.272029,6526,6520,167,24,6.06
266.372053,6526,6520,204,24,6.06
266.47203,6526,6520,204,24,6.03
266.57206,6526,6520,204,24,6.03
266.672028,6526,6520,204,24,6.06
266.772061,6526,6520,95,24,6.06
266.872029,6526,6520,95,24,6.06
266.972055,6526,6520,95,24,6.06
267.072027,6526,6520,95,24,6.06
267.172055,6526,6520,95,24,6.06
267.272028,6526,6520,95,24,6.07
267.372032,6526,6520,204,24,6.07
267.47203,6526,6520,204,24,6.06
267.572094,6526,6524,204,24,6.06
267.672029,6526,6520,204,24,6.07
267.772092,6526,6520,93,24,6.07
267.872028,6526,6520,93,24,6.07
267.972074,6526,6524,93,24,6.04
268.07204,6526,6524,0,24,6.04
268.172083,6526,6520,0,24,6.04
268.272029,6526,6520,0,24,6.07
268.372051,6526,6524,0,24,6.07
268.47203,6526,6524,0,24,6.04
268.572059,6526,6520,0,24,6.04
268.672035,6526,6520,0,24,6.06
268.772053,6526,6520,93,24,6.06
268.872029,6526,6524,93,24,6.06
268.972053,6526,6524,93,24,6.06
269.072029,6526,6524,0,24,6.06
269.172059,6526,6520,0,24,6.06
269.272028,6526,6524,0,24,6.03
269.372059,6526,6520,0,24,6.03
269.472029,6526,6520,0,24,6.05
269.572053,6526,6520,0,24,6.05
269.672039,6526,6520,0,24,6.04
269.772018,6526,6520,105,24,6.04
269.872029,6526,6520,105,24,6.04
269.972058,6526,6520,105,24,6.03
270.072029,6526,6520,95,24,6.03
270.172052,6526,6520,95,24,6.03
270.272029,6526,6520,95,24,6.04
270.372041,6526,6520,102,24,6.04
270.472038,6526,6520,102,24,6.06
270.572052,6526,6520,102,24,6.06
270.672028,6526,6524,102,24,6.05
270.772052,6526,6520,93,24,6.05
270.872029,6526,6520,93,24,6.05
270.972052,6526,6520,93,24,6.03
271.072037,6526,6520,98,24,6.03
271.172054,6526,6520,98,24,6.03
271.272028,6526,6520,98,24,6.07
271.372054,6526,6520,100,24,6.07
271.472033,6526,6520,100,24,6.05
271.572064,6526,6520,100,24,6.05
271.672027,6526,6520,100,24,6.03
271.772054,6526,6520,150,24,6.03
271.872028,6526,6520,150,24,6.03
271.972052,6526,6520,150,24,6.05
272.072028,6526,6520,185,24,6.05
272.172051,6526,6520,185,24,6.05
272.272037,6526,6520,185,24,6.08
272.372053,6526,6520,122,24,6.08
272.472039,6526,6520,122,24,6.07
272.572052,6526,6520,122,24,6.07
272.672029,6526,6520,122,24,6.07
272.772053,6526,6520,172,24,6.07
272.872029,6526,6520,172,24,6.07
272.972053,6526,6520,172,24,6.02
273.07204,6526,6520,208,24,6.02
273.172054,6526,6520,208,24,6.02
273.272028,6526,6520,208,24,6.06
273.372055,6526,6520,245,24,6.06
273.472037,6526,6520,245,24,6.06
273.572061,6526,6520,245,24,6.06
273.672029,6526,6520,245,24,6.07
273.772052,6526,6520,107,24,6.07
273.872029,6526,6520,107,24,6.07
273.972062,6526,6520,107,24,6.07
274.072026,6526,6520,143,24,6.07
274.172053,6526,6520,143,24,6.07
274.272028,6526,6520,143,24,6.05
274.372057,6526,6520,180,24,6.05
274.472039,6526,6520,180,24,6.05
274.572085,6526,6520,180,24,6.05
274.672029,6526,6520,180,24,6.06
274.772064,6526,6520,228,24,6.06
274.872028,6526,6520,228,24,6.06
274.972052,6526,6520,228,24,6.05
275.072036,6526,6520,97,24,6.05
275.172061,6526,6524,97,24,6.05
275.272028,6526,6520,97,24,6.05
275.372054,6526,6524,0,24,6.05
275.472038,6526,6524,0,24,6.02
275.572014,6526,6520,0,24,6.02
275.672029,6526,6524,0,24,6.07
275.772065,6526,6524,93,24,6.07
275.872033,6526,6520,93,24,6.07
275.97207,6526,6524,93,24,6.06
276.072028,6526,6520,93,24,6.06
276.172087,6526,6520,93,24,6.06
276.272029,6526,6524,93,24,6.06
276.372053,6526,6520,93,24,6.06
276.472029,6526,6520,93,24,6.05
276.57206,6526,6524,93,24,6.05
276.672028,6526,6520,93,24,6.07
276.772053,6526,6520,0,24,6.07
276.872027,6526,6524,0,24,6.07
276.972053,6526,6520,0,24,6.06
277.072037,6526,6520,97,24,6.06
277.172051,6526,6520,97,24,6.06
277.27203,6526,6520,97,24,6.06
277.372043,6526,6520,95,24,6.06
277.472029,6526,6520,95,24,6.06
277.572053,6526,6520,95,24,6.06
277.672026,6526,6520,95,24,6.06
277.772053,6526,6520,0,24,6.06
277.872028,6526,6524,0,24,6.06
277.972061,6526,6524,0,24,6.04
278.072036,6526,6520,93,24,6.04
278.172054,6526,6520,93,24,6.04
278.272029,6526,6520,93,24,6.07
278.372053,6526,6520,93,24,6.07
278.472028,6526,6520,93,24,6.03
278.572051,6526,6520,93,24,6.03
278.672027,6526,6520,93,24,6.05
278.772053,6526,6524,0,24,6.05
278.872029,6526,6520,0,24,6.05
278.972061,6526,6520,0,24,6.06
279.072039,6526,6520,327,24,6.06
279.172071,6526,6524,327,24,6.06
279.272028,6526,6524,327,24,5.97
279.372052,6526,6524,0,24,5.97
279.472038,6526,6524,0,24,6.05
279.572052,6526,6524,0,24,6.05
279.67203,6526,6524,0,24,6.07
279.772051,6526,6524,0,24,6.07
279.87204,6526,6524,0,24,6.07
279.972053,6526,6524,0,24,6.07
280.072029,6526,6524,0,24,6.07
280.172069,6526,6524,0,24,6.07
280.272043,6526,6524,0,24,6.04
280.372053,6526,6524,93,24,6.04
280.472049,6526,6524,93,24,6.05
280.572053,6526,6524,93,24,6.05
280.672012,6526,6520,93,24,6.07
280.772054,6526,6520,93,24,6.07
280.872075,6526,6520,93,24,6.07
280.972053,6526,6520,93,24,6.06
281.072043,6526,6520,98,24,6.06
281.172051,6526,6520,98,24,6.06
281.272029,6526,6520,98,24,6.06
281.372062,6526,6520,119,24,6.06
281.472038,6526,6520,119,24,6.06
281.572051,6526,6520,119,24,6.06
281.672029,6526,6520,119,24,6.06
281.772061,6526,6520,168,24,6.06
281.872029,6526,6520,168,24,6.06
281.972053,6526,6520,168,24,6.06
282.072027,6526,6520,206,24,6.06
282.17206,6526,6520,206,24,6.06
282.272028,6526,6524,206,24,6
282.372055,6526,6516,170,24,6
282.472029,6526,6520,170,24,6.02
282.572018,6526,6520,170,24,6.02
282.672029,6526,6520,170,24,6.06
282.772054,6526,6520,158,24,6.06
282.872029,6526,6520,158,24,6.06
282.972053,6526,6520,158,24,6.05
283.072028,6526,6520,194,24,6.05
283.172054,6526,6520,194,24,6.05
283.27203,6526,6520,194,24,6.03
283.372054,6526,6520,232,24,6.03
283.472028,6526,6520,232,24,6.06
283.572051,6526,6520,232,24,6.06
283.67203,6526,6520,232,24,6.06
283.772052,6526,6520,281,24,6.06
283.87203,6526,6520,281,24,6.06
283.972052,6526,6520,281,24,6.03
284.072028,6526,6520,305,24,6.03
284.172052,6526,6520,305,24,6.03
284.272028,6526,6520,305,24,6.07
284.372053,6526,6520,95,24,6.07
284.472029,6526,6520,95,24,6.04
284.572051,6526,6520,95,24,6.04
284.672028,6526,6520,95,24,6.06
284.772052,6526,6520,102,24,6.06
284.87203,6526,6520,102,24,6.06
284.972053,6526,6520,102,24,6.04
285.072028,6526,6520,110,24,6.04
285.172059,6526,6520,110,24,6.04
285.272029,6526,6520,110,24,6.06
285.372053,6526,6524,0,24,6.06
285.472038,6526,6520,0,24,6.07
285.572052,6526,6524,0,24,6.07
285.672029,6526,6520,0,24,6.05
285.772053,6526,6520,163,24,6.05
285.872032,6526,6520,163,24,6.05
285.972052,6526,6520,163,24,6.06
286.072041,6526,6524,0,24,6.06
286.172051,6526,6520,0,24,6.06
286.272047,6526,6524,0,24,5.98
286.372059,6526,6524,0,24,5.98
286.472023,6526,6524,0,24,6.04
286.572053,6526,6524,0,24,6.04
286.672046,6526,6524,0,24,6.06
286.772052,6526,6524,0,24,6.06
286.872036,6526,6520,0,24,6.06
286.972051,6526,6524,0,24,6.05
287.072029,6526,6524,0,24,6.05
287.172052,6526,6524,0,24,6.05
287.272036,6526,6524,0,24,6.06
287.372052,6526,6524,0,24,6.06
287.472028,6526,6524,0,24,6.05
287.572055,6526,6524,0,24,6.05
287.672031,6526,6524,0,24,6.05
287.772053,6526,6520,327,24,6.05
287.87203,6526,6524,327,24,6.05
287.972054,6526,6524,327,24,6.06
288.072027,6526,6524,0,24,6.06
288.172055,6526,6520,0,24,6.06
288.272024,6526,6520,0,24,5.94
288.372055,6526,6520,97,24,5.94
288.472057,6526,6520,97,24,6.07
288.572053,6526,6524,97,24,6.07
288.672056,6526,6520,97,24,6.05
288.772041,6526,6520,93,24,6.05
288.872028,6526,6520,93,24,6.05
288.972051,6526,6520,93,24,6.06
289.072037,6526,6520,97,24,6.06
289.172054,6526,6520,97,24,6.06
289.27203,6526,6520,97,24,6.06
289.372054,6526,6520,112,24,6.06
289.472031,6526,6520,112,24,6.05
289.572054,6526,6520,112,24,6.05
289.672028,6526,6520,112,24,6.02
289.772061,6526,6520,162,24,6.02
289.872028,6526,6520,162,24,6.02
289.972052,6526,6520,162,24,6.05
290.072028,6526,6520,197,24,6.05
290.172054,6526,6520,197,24,6.05
290.272028,6526,6520,197,24,6.06
290.372052,6526,6520,102,24,6.06
290.472028,6526,6520,102,24,6.07
290.572053,6526,6520,102,24,6.07
290.672029,6526,6520,102,24,6.06
290.772051,6526,6520,150,24,6.06
290.872028,6526,6520,150,24,6.06
290.972053,6526,6520,150,24,6.06
291.072028,6526,6524,0,24,6.06
291.172051,6526,6524,0,24,6.06
291.272028,6526,6520,0,24,6.07
291.37205,6526,6524,95,24,6.07
291.472042,6526,6524,95,24,6.06
291.57206,6526,6520,95,24,6.06
291.672028,6526,6524,95,24,6.05
291.772053,6526,6524,93,24,6.05
291.872028,6526,6524,93,24,6.05
291.972052,6526,6520,93,24,6.06
292.072027,6526,6520,0,24,6.06
292.17205,6526,6524,0,24,6.06
292.272027,6526,6520,0,24,6.06
292.372052,6526,6524,0,24,6.06
292.472041,6526,6520,0,24,6.07
292.572062,6526,6520,0,24,6.07
292.672029,6526,6524,0,24,6.05
292.772061,6526,6524,0,24,6.05
292.872029,6526,6520,0,24,6.05
292.972059,6526,6520,0,24,6.06
293.072028,6526,6524,0,24,6.06
293.172061,6526,6524,0,24,6.06
293.272029,6526,6524,0,24,6.06
293.372061,6526,6524,0,24,6.06
293.472041,6526,6524,0,24,6.06
293.572054,6526,6520,0,24,6.06
293.672028,6526,6524,0,24,6.07
293.77206,6526,6524,0,24,6.07
293.872026,6526,6524,0,24,6.07
293.972043,6526,6520,0,24,6.06
294.072028,6526,6524,0,24,6.06
294.172068,6526,6524,0,24,6.06
294.272028,6526,6520,0,24,6.06
294.372069,6526,6520,0,24,6.06
294.472037,6526,6524,0,24,6.06
294.572053,6526,6524,0,24,6.06
294.67203,6526,6524,0,24,6.06
294.772051,6526,6524,93,24,6.06
294.872029,6526,6520,93,24,6.06
294.972053,6526,6520,93,24,6.07
295.072029,6526,6524,0,24,6.07
295.172054,6526,6520,0,24,6.07
295.272028,6526,6520,0,24,6.06
295.372059,6526,6520,163,24,6.06
295.471992,6526,6524,163,24,6.05
295.572044,6526,6520,163,24,6.05
295.672024,6526,6520,163,24,6.06
295.772043,6526,6520,93,24,6.06
295.872029,6526,6520,93,24,6.06
295.972051,6526,6520,93,24,6.04
296.072029,6526,6524,0,24,6.04
296.172043,6526,6524,0,24,6.04
296.272027,6526,6520,0,24,6.06
296.372053,6526,6520,98,24,6.06
296.47199,6526,6520,98,24,6.05
296.57206,6526,6524,98,24,6.05
296.672029,6526,6520,98,24,6.04
296.772053,6526,6524,0,24,6.04
296.872037,6526,6524,0,24,6.04
296.972062,6526,6520,0,24,6.06
297.072029,6526,6524,0,24,6.06
297.172053,6526,6524,0,24,6.06
297.272028,6526,6520,0,24,6.06
297.372052,6526,6520,93,24,6.06
297.47203,6526,6524,93,24,6.06
297.572058,6526,6520,93,24,6.06
297.672029,6526,6520,93,24,6.05
297.772054,6526,6524,93,24,6.05
297.872028,6526,6520,93,24,6.05
297.972061,6526,6520,93,24,6.06
298.07203,6526,6520,95,24,6.06
298.172061,6526,6524,95,24,6.06
298.272038,6526,6520,95,24,6.06
298.372052,6526,6520,93,24,6.06
298.472028,6526,6524,93,24,6.06
298.572052,6526,6520,93,24,6.06
298.672031,6526,6524,93,24,6.07
298.772074,6526,6524,0,24,6.07
298.872029,6526,6524,0,24,6.07
298.972074,6526,6520,0,24,6.02
299.072027,6526,6524,0,24,6.02
299.172078,6526,6524,0,24,6.02
299.272036,6526,6520,0,24,6.05
299.372076,6526,6520,163,24,6.05
299.47203,6526,6520,163,24,6.07
299.572052,6526,6520,163,24,6.07
299.672037,6526,6520,163,24,6.06
299.772054,6526,6524,0,24,6.06
299.872028,6526,6524,0,24,6.06
299.972053,6526,6520,0,24,6.05
300.072037,6526,6524,0,24,6.05
300.172052,6526,6520,0,24,6.05
300.272028,6526,6524,0,24,6.06
300.372054,6526,6520,163,24,6.06
300.472028,6526,6524,163,24,6.05
300.572052,6526,6524,163,24,6.05
300.672028,6526,6520,163,24,6.06
300.772053,6526,6524,0,24,6.06
300.872039,6526,6524,0,24,6.06
300.972061,6526,6520,0,24,6.06
301.07203,6526,6524,204,24,6.06
301.172054,6526,6520,204,24,6.06
301.272029,6526,6524,204,24,6.07
301.372044,6526,6524,93,24,6.07
301.472027,6526,6520,93,24,6.05
301.572043,6526,6520,93,24,6.05
301.672029,6526,6520,93,24,6.06
301.772026,6526,6524,0,24,6.06
301.87203,6526,6524,0,24,6.06
301.972057,6526,6528,0,24,6.03
302.07203,6526,6528,0,24,6.03
302.172079,6526,6528,0,24,6.03
302.272038,6526,6528,0,24,6.06
302.372082,6526,6528,0,24,6.06
302.472028,6526,6524,0,24,6.01
302.572067,6526,6524,0,24,6.01
302.672037,6526,6524,0,24,6.07
302.772053,6526,6524,163,24,6.07
302.872028,6526,6524,163,24,6.07
302.972054,6526,6524,163,24,6.07
303.072033,6526,6524,0,24,6.07
303.17206,6526,6524,0,24,6.07
303.272029,6526,6524,0,24,6.03
303.372053,6526,6520,163,24,6.03
303.472028,6526,6524,163,24,6.02
303.57206,6526,6524,163,24,6.02
303.672029,6526,6524,163,24,6.04
303.772054,6526,6520,93,24,6.04
303.872028,6526,6520,93,24,6.04
303.972058,6526,6520,93,24,6.03
304.072029,6526,6520,93,24,6.03
304.172053,6526,6524,93,24,6.03
304.272028,6526,6524,93,24,6.06
304.372059,6526,6524,0,24,6.06
304.47203,6526,6524,0,24,6.04
304.572053,6526,6524,0,24,6.04
304.67203,6526,6520,0,24,6.06
304.772052,6526,6524,163,24,6.06
304.872028,6526,6524,163,24,6.06
304.972052,6526,6524,163,24,6.05
305.072028,6526,6524,0,24,6.05
305.172054,6526,6524,0,24,6.05
305.27203,6526,6524,0,24,6.06
305.372051,6526,6520,0,24,6.06
305.47203,6526,6524,0,24,6.06
305.572053,6526,6524,0,24,6.06
305.672028,6526,6520,0,24,6.07
305.772052,6526,6524,0,24,6.07
305.87203,6526,6520,0,24,6.07
305.972054,6526,6524,0,24,6.06
306.072029,6526,6520,163,24,6.06
306.172053,6526,6524,163,24,6.06
306.272031,6526,6520,163,24,6.05
306.372052,6526,6524,0,24,6.05
306.472029,6526,6520,0,24,6.07
306.572053,6526,6524,0,24,6.07
306.672028,6526,6520,0,24,6.06
306.772052,6526,6520,163,24,6.06
306.872029,6526,6524,163,24,6.06
306.972061,6526,6520,163,24,6.06
307.072047,6526,6524,0,24,6.06
307.172061,6526,6524,0,24,6.06
307.272045,6526,6520,0,24,6.07
307.372053,6526,6524,0,24,6.07
307.47205,6526,6524,0,24,6.05
307.572012,6526,6520,0,24,6.05
307.672033,6526,6524,0,24,6.07
307.772031,6526,6520,93,24,6.07
307.872028,6526,6520,93,24,6.07
307.972059,6526,6524,93,24,6.05
308.072029,6526,6524,0,24,6.05
308.172053,6526,6520,0,24,6.05
308.272018,6526,6524,0,24,6.07
308.372052,6526,6524,0,24,6.07
308.472029,6526,6520,0,24,6.06
308.572052,6526,6524,0,24,6.06
308.672028,6526,6524,0,24,6.06
308.772053,6526,6520,163,24,6.06
308.872028,6526,6524,163,24,6.06
308.972052,6526,6524,163,24,6.05
309.072028,6526,6524,0,24,6.05
309.17206,6526,6528,0,24,6.05
309.272028,6526,6524,0,24,6.07
309.372051,6526,6524,93,24,6.07
309.472027,6526,6520,93,24,6.06
309.572053,6526,6520,93,24,6.06
309.672028,6526,6524,93,24,6.04
309.772051,6526,6524,0,24,6.04
309.872029,6526,6524,0,24,6.04
309.972051,6526,6520,0,24,6.03
310.072028,6526,6524,0,24,6.03
310.172051,6526,6524,0,24,6.03
310.272029,6526,6524,0,24,6.04
310.372051,6526,6524,0,24,6.04
310.472028,6526,6524,0,24,6.04
310.572052,6526,6524,0,24,6.04
310.672036,6526,6520,0,24,6.06
310.772052,6526,6524,0,24,6.06
310.872029,6526,6524,0,24,6.06
310.972051,6526,6524,0,24,6.02
311.072037,6526,6524,0,24,6.02
311.172051,6526,6524,0,24,6.02
311.272047,6526,6524,0,24,6.06
311.372052,6526,6524,0,24,6.06
311.472056,6526,6524,0,24,6.06
311.572051,6526,6524,0,24,6.06
311.672058,6526,6524,0,24,6.06
311.772053,6526,6524,204,24,6.06
311.872044,6526,6524,204,24,6.06
311.972054,6526,6524,204,24,6.06
312.072028,6526,6524,163,24,6.06
312.172052,6526,6524,163,24,6.06
312.272028,6526,6524,163,24,6.04
312.372053,6526,6524,0,24,6.04
312.472029,6526,6524,0,24,6.07
312.572053,6526,6524,0,24,6.07
312.672028,6526,6524,0,24,6.06
312.772052,6526,6524,0,24,6.06
312.872026,6526,6520,0,24,6.06
312.972051,6526,6524,0,24,6.05
313.072029,6526,6524,0,24,6.05
313.172052,6526,6524,0,24,6.05
313.272029,6526,6524,0,24,6.05
313.372052,6526,6520,327,24,6.05
313.472028,6526,6524,327,24,6.07
313.572052,6526,6524,327,24,6.07
313.672049,6526,6524,327,24,6.07
313.772053,6526,6524,0,24,6.07
313.872028,6526,6520,0,24,6.07
313.972052,6526,6524,0,24,6.07
314.072028,6526,6524,0,24,6.07
314.172052,6526,6524,0,24,6.07
314.272037,6526,6520,0,24,6.07
314.372053,6526,6520,100,24,6.07
314.472029,6526,6520,100,24,6.06
314.572053,6526,6520,100,24,6.06
314.672029,6526,6520,100,24,6.06
314.772055,6526,6524,0,24,6.06
314.872041,6526,6524,0,24,6.06
314.972052,6526,6524,0,24,6.07
315.072063,6526,6524,93,24,6.07
315.172053,6526,6524,93,24,6.07
315.272047,6526,6524,93,24,6.07
315.372053,6526,6524,0,24,6.07
315.472047,6526,6524,0,24,6.07
315.572054,6526,6524,0,24,6.07
315.672028,6526,6524,0,24,6.07
315.772052,6526,6524,0,24,6.07
315.87203,6526,6524,0,24,6.07
315.972052,6526,6524,0,24,6.06
316.072029,6526,6524,0,24,6.06
316.172053,6526,6520,0,24,6.06
316.272028,6526,6520,0,24,6.05
316.372053,6526,6520,163,24,6.05
316.472028,6526,6520,163,24,6.06
316.572052,6526,6520,163,24,6.06
316.672028,6526,6520,163,24,6.02
316.772051,6526,6520,204,24,6.02
316.872028,6526,6524,204,24,6.02
316.972052,6526,6524,204,24,6.02
317.072037,6526,6524,0,24,6.02
317.172052,6526,6528,0,24,6.02
317.272029,6526,6528,0,24,5.99
317.372053,6526,6528,0,24,5.99
317.472029,6526,6524,0,24,6.07
317.57205,6526,6524,0,24,6.07
317.672028,6526,6520,0,24,6.05
317.772051,6526,6524,93,24,6.05
317.872036,6526,6520,93,24,6.05
317.972052,6526,6520,93,24,6.07
318.072026,6526,6520,93,24,6.07
318.172051,6526,6520,93,24,6.07
318.272029,6526,6520,93,24,6.06
318.372073,6526,6520,0,24,6.06
318.472029,6526,6524,0,24,6.06
318.572054,6526,6524,0,24,6.06
318.672028,6526,6520,0,24,6.06
318.772052,6526,6524,0,24,6.06
318.872028,6526,6524,0,24,6.06
318.972055,6526,6528,0,24,6.06
319.072038,6526,6528,0,24,6.06
319.172053,6526,6524,0,24,6.06
319.272029,6526,6524,0,24,6.06
319.37206,6526,6524,0,24,6.06
319.472039,6526,6524,0,24,6.04
319.572053,6526,6524,0,24,6.04
319.672029,6526,6524,0,24,6.06
319.772052,6526,6528,0,24,6.06
319.872038,6526,6524,0,24,6.06
319.972049,6526,6524,0,24,6.07
320.072037,6526,6520,0,24,6.07
320.17206,6526,6524,0,24,6.07
320.272036,6526,6524,0,24,6.06
320.372058,6526,6524,0,24,6.06
320.472029,6526,6524,0,24,6.05
320.572048,6526,6524,0,24,6.05
320.672029,6526,6524,0,24,6.06
320.772063,6526,6520,163,24,6.06
320.87203,6526,6520,163,24,6.06
320.972076,6526,6520,163,24,6.06
321.07203,6526,6524,0,24,6.06
321.172052,6526,6524,0,24,6.06
321.272024,6526,6524,0,24,6.04
321.372052,6526,6520,204,24,6.04
321.472028,6526,6524,204,24,6.06
321.572053,6526,6524,204,24,6.06
321.672029,6526,6524,204,24,6.07
321.772052,6526,6520,163,24,6.07
321.872029,6526,6524,163,24,6.07
321.972059,6526,6524,163,24,6.07
322.072028,6526,6520,163,24,6.07
322.172054,6526,6524,163,24,6.07
322.272028,6526,6524,163,24,6.07
322.372052,6526,6520,204,24,6.07
322.472039,6526,6524,204,24,6.07
322.57206,6526,6524,204,24,6.07
322.67203,6526,6524,204,24,6.07
322.772059,6526,6524,163,24,6.07
322.872027,6526,6524,163,24,6.07
322.972052,6526,6524,163,24,6.06
323.072028,6526,6524,0,24,6.06
323.172061,6526,6520,0,24,6.06
323.272029,6526,6520,0,24,6.05
323.372053,6526,6524,0,24,6.05
323.472028,6526,6520,0,24,6.01
323.572061,6526,6520,0,24,6.01
323.672028,6526,6520,0,24,6.04
323.772029,6526,6524,93,24,6.04
323.872034,6526,6524,93,24,6.04
323.97203,6526,6520,93,24,6.07
324.072029,6526,6524,0,24,6.07
324.172084,6526,6520,0,24,6.07
324.27204,6526,6524,0,24,6.04
324.372078,6526,6524,0,24,6.04
324.472029,6526,6520,0,24,6.06
324.572053,6526,6524,0,24,6.06
324.672028,6526,6520,0,24,6.06
324.772062,6526,6524,0,24,6.06
324.872045,6526,6520,0,24,6.06
324.972051,6526,6520,0,24,6.06
325.072029,6526,6516,107,24,6.06
325.172052,6526,6520,107,24,6.06
325.272029,6526,6520,107,24,6.07
325.37205,6526,6520,474,24,6.07
325.472031,6526,6520,474,24,6.05
325.572053,6526,6520,474,24,6.05
325.672027,6526,6520,474,24,6.05
325.772053,6526,6520,134,24,6.05
325.87203,6526,6520,134,24,6.05
325.972051,6526,6520,134,24,6.05
326.072037,6526,6520,172,24,6.05
326.172053,6526,6520,172,24,6.05
326.272028,6526,6520,172,24,6.05
326.372054,6526,6520,209,24,6.05
326.472034,6526,6520,209,24,6.06
326.572065,6526,6520,209,24,6.06
326.67203,6526,6520,209,24,6.05
326.772054,6526,6512,334,24,6.05
326.87203,6526,6512,334,24,6.05
326.972076,6526,6516,334,24,6.04
327.07203,6526,6512,564,24,6.04
327.172055,6526,6516,564,24,6.04
327.272039,6526,6520,564,24,6
327.372055,6526,6516,557,24,6
327.472101,6526,6520,557,24,6.04
327.572057,6526,6516,557,24,6.04
327.67203,6526,6520,557,24,5.98
327.772054,6526,6520,93,24,5.98
327.87203,6526,6524,93,24,5.98
327.972062,6526,6520,93,24,6.06
328.072032,6526,6520,95,24,6.06
328.172054,6526,6520,95,24,6.06
328.272029,6526,6520,95,24,6.04
328.372056,6526,6520,93,24,6.04
328.472102,6526,6520,93,24,6.06
328.572048,6526,6524,93,24,6.06
328.67203,6526,6520,93,24,6.04
328.772036,6526,6524,0,24,6.04
328.87203,6526,6524,0,24,6.04
328.9721,6526,6520,0,24,6.06
329.072038,6526,6520,93,24,6.06
329.172082,6526,6520,93,24,6.06
329.27203,6526,6524,93,24,6.07
329.372069,6526,6520,93,24,6.07
329.4721,6526,6524,93,24,6.07
329.572054,6526,6524,93,24,6.07
329.672029,6526,6520,93,24,6.06
329.772063,6526,6524,0,24,6.06
329.872031,6526,6524,0,24,6.06
329.972052,6526,6520,0,24,5.98
330.072037,6526,6520,102,24,5.98
330.172042,6526,6524,102,24,5.98
330.27203,6526,6524,102,24,6.07
330.372055,6526,6524,0,24,6.07
330.472027,6526,6520,0,24,6.03
330.572053,6526,6520,0,24,6.03
330.672029,6526,6520,0,24,6.05
330.772053,6526,6520,119,24,6.05
330.87203,6526,6520,119,24,6.05
330.972055,6526,6520,119,24,6.05
331.072031,6526,6520,155,24,6.05
331.172062,6526,6520,155,24,6.05
331.272029,6526,6520,155,24,6.06
331.372052,6526,6520,192,24,6.06
331.47203,6526,6520,192,24,6.04
331.572052,6526,6520,192,24,6.04
331.67203,6526,6520,192,24,6.07
331.772054,6526,6520,97,24,6.07
331.872029,6526,6520,97,24,6.07
331.972061,6526,6520,97,24,6.06
332.072019,6526,6520,133,24,6.06
332.172062,6526,6520,133,24,6.06
332.272039,6526,6520,133,24,6.07
332.372054,6526,6520,170,24,6.07
332.472051,6526,6520,170,24,6.01
332.572065,6526,6520,170,24,6.01
332.672043,6526,6520,170,24,6.04
332.772054,6526,6520,220,24,6.04
332.872058,6526,6520,220,24,6.04
332.972054,6526,6520,220,24,6
333.072054,6526,6520,255,24,6
333.172054,6526,6520,255,24,6
333.27203,6526,6520,255,24,6.06
333.372053,6526,6520,293,24,6.06
333.47203,6526,6520,293,24,6.05
333.572052,6526,6520,293,24,6.05
333.672036,6526,6520,293,24,6.03
333.772053,6526,6520,342,24,6.03
333.872029,6526,6520,342,24,6.03
333.972053,6526,6520,342,24,6.04
334.072029,6526,6520,378,24,6.04
334.172052,6526,6520,378,24,6.04
334.272029,6526,6520,378,24,6.05
334.372049,6526,6520,416,24,6.05
334.472029,6526,6520,416,24,6.06
334.572055,6526,6520,416,24,6.06
334.672037,6526,6520,416,24,6.05
334.772052,6526,6520,102,24,6.05
334.872032,6526,6520,102,24,6.05
334.972054,6526,6520,102,24,6.07
335.072035,6526,6520,138,24,6.07
335.172053,6526,6520,138,24,6.07
335.272008,6526,6520,138,24,6.06
335.372054,6526,6520,175,24,6.06
335.47206,6526,6520,175,24,6.06
335.572054,6526,6520,175,24,6.06
335.672056,6526,6520,175,24,6.06
335.772054,6526,6520,223,24,6.06
335.872031,6526,6520,223,24,6.06
335.972054,6526,6520,223,24,6.05
336.072033,6526,6520,114,24,6.05
336.172052,6526,6520,114,24,6.05
336.27203,6526,6520,114,24,6.05
336.37208,6526,6520,150,24,6.05
336.47203,6526,6520,150,24,6.06
336.572072,6526,6520,150,24,6.06
336.672039,6526,6520,150,24,6.06
336.772053,6526,6520,199,24,6.06
336.872031,6526,6520,199,24,6.06
336.972054,6526,6520,199,24,6.04
337.072039,6526,6520,235,24,6.04
337.172053,6526,6520,235,24,6.04
337.272029,6526,6520,235,24,6.06
337.372052,6526,6520,273,24,6.06
337.47203,6526,6520,273,24,6.03
337.572052,6526,6520,273,24,6.03
337.672031,6526,6520,273,24,6.02
337.772054,6526,6520,322,24,6.02
337.872028,6526,6520,322,24,6.02
337.972054,6526,6520,322,24,6.05
338.072037,6526,6520,358,24,6.05
338.172052,6526,6520,358,24,6.05
338.272029,6526,6520,358,24,6.01
338.372054,6526,6520,395,24,6.01
338.472038,6526,6520,395,24,6.03
338.572054,6526,6520,395,24,6.03
338.672029,6526,6520,395,24,6.05
338.772053,6526,6520,445,24,6.05
338.872038,6526,6520,445,24,6.05
338.972053,6526,6520,445,24,6.03
339.07203,6526,6520,481,24,6.03
339.172053,6526,6520,481,24,6.03
339.272038,6526,6520,481,24,6.02
339.372055,6526,6520,518,24,6.02
339.472032,6526,6520,518,24,6.04
339.572053,6526,6520,518,24,6.04
339.672029,6526,6520,518,24,6.05
339.772054,6526,6520,568,24,6.05
339.872031,6526,6520,568,24,6.05
339.972054,6526,6520,568,24,6.02
340.07203,6526,6520,604,24,6.02
340.172052,6526,6520,604,24,6.02
340.272038,6526,6520,604,24,6.06
340.372054,6526,6520,127,24,6.06
340.472029,6526,6520,127,24,6.07
340.572053,6526,6520,127,24,6.07
340.67203,6526,6520,127,24,6.05
340.772052,6526,6520,177,24,6.05
340.872026,6526,6520,177,24,6.05
340.972058,6526,6520,177,24,6.06
341.072027,6526,6520,214,24,6.06
341.172053,6526,6520,214,24,6.06
341.272035,6526,6520,214,24,6.06
341.372052,6526,6520,250,24,6.06
341.472045,6526,6520,250,24,6.06
341.572051,6526,6520,250,24,6.06
341.672072,6526,6520,250,24,6.05
341.772051,6526,6520,300,24,6.05
341.872042,6526,6520,300,24,6.05
341.972052,6526,6520,300,24,6.06
342.072029,6526,6520,337,24,6.06
342.172052,6526,6520,337,24,6.06
342.272027,6526,6520,337,24,6.06
342.372052,6526,6520,373,24,6.06
342.47203,6526,6520,373,24,6.04
342.572054,6526,6520,373,24,6.04
342.672037,6526,6520,373,24,6.05
342.772054,6526,6520,100,24,6.05
342.872028,6526,6520,100,24,6.05
342.972051,6526,6520,100,24,6.05
343.072028,6526,6520,127,24,6.05
343.172053,6526,6520,127,24,6.05
343.272028,6526,6520,127,24,6.06
343.372052,6526,6520,165,24,6.06
343.472028,6526,6520,165,24,6.06
343.572062,6526,6520,165,24,6.06
343.672029,6526,6520,165,24,6.06
343.772053,6526,6520,213,24,6.06
343.872029,6526,6520,213,24,6.06
343.972053,6526,6520,213,24,6.04
344.072028,6526,6520,250,24,6.04
344.172061,6526,6520,250,24,6.04
344.27203,6526,6520,250,24,6.06
344.372052,6526,6520,288,24,6.06
344.472029,6526,6520,288,24,6.06
344.572052,6526,6520,288,24,6.06
344.672028,6526,6520,288,24,6.04
344.772052,6526,6520,336,24,6.04
344.872037,6526,6520,336,24,6.04
344.972051,6526,6520,336,24,6.05
345.072028,6526,6524,0,24,6.05
345.172039,6526,6524,0,24,6.05
345.272028,6526,6524,0,24,6.07
345.372076,6526,6520,95,24,6.07
345.472028,6526,6520,95,24,6.07
345.572069,6526,6520,95,24,6.07
345.672029,6526,6520,95,24,6.06
345.772073,6526,6520,97,24,6.06
345.87203,6526,6520,97,24,6.06
345.972052,6526,6520,97,24,6.06
346.072037,6526,6520,133,24,6.06
346.172064,6526,6520,133,24,6.06
346.272029,6526,6520,133,24,6.06
346.372063,6526,6520,170,24,6.06
346.47203,6526,6520,170,24,6.06
346.572051,6526,6520,170,24,6.06
346.672027,6526,6520,170,24,6.05
346.772053,6526,6520,220,24,6.05
346.872029,6526,6520,220,24,6.05
346.972052,6526,6520,220,24,6.06
347.072029,6526,6520,255,24,6.06
347.172053,6526,6520,255,24,6.06
347.272028,6526,6520,255,24,6.06
347.372052,6526,6520,116,24,6.06
347.472028,6526,6520,116,24,6.06
347.572051,6526,6520,116,24,6.06
347.672028,6526,6520,116,24,6.05
347.772055,6526,6520,165,24,6.05
347.872028,6526,6520,165,24,6.05
347.97205,6526,6520,165,24,6.06
348.072028,6526,6520,201,24,6.06
348.172058,6526,6520,201,24,6.06
348.27203,6526,6520,201,24,6.06
348.372052,6526,6520,238,24,6.06
348.472029,6526,6520,238,24,6.06
348.572052,6526,6520,238,24,6.06
348.672029,6526,6520,238,24,6.05
348.772051,6526,6520,288,24,6.05
348.872029,6526,6520,288,24,6.05
348.972053,6526,6520,288,24,6.06
349.072034,6526,6520,324,24,6.06
349.172053,6526,6520,324,24,6.06
349.272029,6526,6520,324,24,6.03
349.372052,6526,6520,361,24,6.03
349.472036,6526,6520,361,24,6.06
349.57205,6526,6520,361,24,6.06
349.672028,6526,6520,361,24,6.05
349.772052,6526,6520,409,24,6.05
349.872027,6526,6520,409,24,6.05
349.972059,6526,6520,409,24,6.05
350.072029,6526,6520,447,24,6.05
350.172052,6526,6520,447,24,6.05
350.272028,6526,6520,447,24,6
350.37206,6526,6520,484,24,6
350.472031,6526,6520,484,24,6.05
350.572053,6526,6520,484,24,6.05
350.67203,6526,6520,484,24,6.02
350.77206,6526,6520,532,24,6.02
350.87203,6526,6520,532,24,6.02
350.972052,6526,6520,532,24,6.05
351.072039,6526,6520,569,24,6.05
351.172052,6526,6520,569,24,6.05
351.272029,6526,6524,569,24,6.02
351.372055,6526,6524,0,24,6.02
351.472031,6526,6520,0,24,6.06
351.572055,6526,6520,0,24,6.06
351.672029,6526,6520,0,24,6.05
351.772052,6526,6524,204,24,6.05
351.87203,6526,6524,204,24,6.05
351.972053,6526,6524,204,24,6.06
352.07203,6526,6524,0,24,6.06
352.172055,6526,6520,0,24,6.06
352.272029,6526,6524,0,24,6.07
352.372053,6526,6524,0,24,6.07
352.47203,6526,6524,0,24,6.07
352.57206,6526,6520,0,24,6.07
352.672029,6526,6524,0,24,6.06
352.772053,6526,6524,0,24,6.06
352.87203,6526,6524,0,24,6.06
352.972062,6526,6524,0,24,6.08
353.072031,6526,6524,0,24,6.08
353.172062,6526,6524,0,24,6.08
353.27203,6526,6524,0,24,6.05
353.372049,6526,6524,0,24,6.05
353.47203,6526,6524,0,24,6.05
353.572073,6526,6524,0,24,6.05
353.67203,6526,6524,0,24,6.07
353.77203,6526,6524,0,24,6.07
353.872032,6526,6524,0,24,6.07
353.97209,6526,6524,0,24,6.07
354.07203,6526,6524,327,24,6.07
354.172081,6526,6524,327,24,6.07
354.272032,6526,6524,327,24,5.98
354.372077,6526,6524,0,24,5.98
354.472031,6526,6524,0,24,6.07
354.572066,6526,6524,0,24,6.07
354.672039,6526,6524,0,24,6.07
354.772054,6526,6524,0,24,6.07
354.872031,6526,6524,0,24,6.07
354.972051,6526,6524,0,24,6.02
355.072044,6526,6524,0,24,6.02
355.172055,6526,6524,0,24,6.02
355.27203,6526,6524,0,24,6.07
355.372053,6526,6524,0,24,6.07
355.472031,6526,6524,0,24,6.05
355.572067,6526,6524,0,24,6.05
355.672031,6526,6524,0,24,6.04
355.772053,6526,6524,0,24,6.04
355.872046,6526,6524,0,24,6.04
355.972053,6526,6524,0,24,6.07
356.072073,6526,6524,0,24,6.07
356.172053,6526,6524,0,24,6.07
356.272046,6526,6524,0,24,6.02
356.372055,6526,6524,0,24,6.02
356.472038,6526,6524,0,24,6.06
356.572055,6526,6524,0,24,6.06
356.672029,6526,6524,0,24,6.07
356.772052,6526,6524,0,24,6.07
356.872039,6526,6524,0,24,6.07
356.972063,6526,6524,0,24,6.05
357.07203,6526,6524,0,24,6.05
357.172053,6526,6524,0,24,6.05
357.272031,6526,6524,0,24,6.06
357.372053,6526,6524,0,24,6.06
357.47203,6526,6524,0,24,6.07
357.572023,6526,6524,0,24,6.07
357.67203,6526,6524,0,24,6.07
357.772062,6526,6524,0,24,6.07
357.872032,6526,6524,0,24,6.07
357.972055,6526,6524,0,24,6.06
358.072032,6526,6524,0,24,6.06
358.172053,6526,6524,0,24,6.06
358.272022,6526,6524,0,24,6.05
358.372053,6526,6524,0,24,6.05
358.471989,6526,6524,0,24,6.05
358.572012,6526,6524,0,24,6.05
358.672033,6526,6524,0,24,6.07
358.772053,6526,6524,0,24,6.07
358.872061,6526,6524,0,24,6.07
358.972053,6526,6524,0,24,6.07
359.07206,6526,6524,0,24,6.07
359.172062,6526,6524,0,24,6.07
359.272055,6526,6524,0,24,6.07
359.372062,6526,6524,327,24,6.07
359.472029,6526,6524,327,24,6.06
359.572052,6526,6524,327,24,6.06
359.672029,6526,6524,327,24,6.06
359.772062,6526,6524,0,24,6.06
359.87203,6526,6524,0,24,6.06
359.972054,6526,6524,0,24,6.06
360.072027,6526,6524,0,24,6.06
360.172062,6526,6524,0,24,6.06
360.272038,6526,6524,0,24,6.05
360.372052,6526,6524,163,24,6.05
360.472031,6526,6520,163,24,6.06
360.572053,6526,6524,163,24,6.06
360.67203,6526,6524,163,24,6.05
360.772052,6526,6524,0,24,6.05
360.872031,6526,6520,0,24,6.05
360.972063,6526,6524,0,24,6.07
361.072021,6526,6524,0,24,6.07
361.172053,6526,6520,0,24,6.07
361.272028,6526,6520,0,24,6.06
361.372072,6526,6520,93,24,6.06
361.47203,6526,6524,93,24,6.06
361.572053,6526,6524,93,24,6.06
361.672029,6526,6524,93,24,6.07
361.772061,6526,6524,0,24,6.07
361.872029,6526,6524,0,24,6.07
361.972052,6526,6524,0,24,6.06
362.072034,6526,6524,0,24,6.06
362.172055,6526,6524,0,24,6.06
362.272029,6526,6524,0,24,6.07
362.372054,6526,6524,0,24,6.07
362.472038,6526,6524,0,24,6.07
362.572053,6526,6524,0,24,6.07
362.67203,6526,6524,0,24,6.06
362.772061,6526,6520,204,24,6.06
362.872028,6526,6524,204,24,6.06
362.972052,6526,6520,204,24,6.07
363.072033,6526,6520,163,24,6.07
363.172052,6526,6524,163,24,6.07
363.272031,6526,6524,163,24,6.06
363.372054,6526,6524,0,24,6.06
363.472036,6526,6524,0,24,6.04
363.572054,6526,6524,0,24,6.04
363.67203,6526,6524,0,24,6.07
363.772053,6526,6524,0,24,6.07
363.872039,6526,6524,0,24,6.07
363.972054,6526,6524,0,24,6.06
364.071993,6526,6524,0,24,6.06
364.172054,6526,6524,0,24,6.06
364.272029,6526,6524,0,24,6.07
364.372054,6526,6524,0,24,6.07
364.47203,6526,6524,0,24,6.07
364.572055,6526,6524,0,24,6.07
364.67204,6526,6524,0,24,6.05
364.772063,6526,6520,98,24,6.05
364.872031,6526,6520,98,24,6.05
364.972053,6526,6524,98,24,6.06
365.072057,6526,6524,0,24,6.06
365.172062,6526,6524,0,24,6.06
365.272031,6526,6524,0,24,6.07
365.372053,6526,6524,0,24,6.07
365.472031,6526,6524,0,24,6.05
365.572054,6526,6524,0,24,6.05
365.67203,6526,6524,0,24,6.06
365.772047,6526,6524,0,24,6.06
365.872041,6526,6520,0,24,6.06
365.972041,6526,6524,0,24,6.07
366.072007,6526,6524,0,24,6.07
366.172047,6526,6524,0,24,6.07
366.272031,6526,6524,0,24,6.06
366.37208,6526,6524,0,24,6.06
366.472051,6526,6524,0,24,6.05
366.572065,6526,6524,0,24,6.05
366.672057,6526,6524,0,24,6.07
366.772054,6526,6524,0,24,6.07
366.872015,6526,6524,0,24,6.07
366.972072,6526,6524,0,24,6.04
367.072045,6526,6524,0,24,6.04
367.172054,6526,6520,0,24,6.04
367.27206,6526,6524,0,24,6.04
367.372055,6526,6524,0,24,6.04
367.472049,6526,6520,0,24,6.06
367.572055,6526,6524,0,24,6.06
367.67203,6526,6524,0,24,6.07
367.772054,6526,6524,0,24,6.07
367.872029,6526,6524,0,24,6.07
367.972054,6526,6524,0,24,6.08
368.07205,6526,6524,0,24,6.08
368.172053,6526,6524,0,24,6.08
368.27203,6526,6524,0,24,6.06
368.372053,6526,6524,0,24,6.06
368.47203,6526,6524,0,24,6.07
368.572054,6526,6524,0,24,6.07
368.672029,6526,6524,0,24,6.06
368.772056,6526,6520,163,24,6.06
368.872031,6526,6524,163,24,6.06
368.972055,6526,6524,163,24,6.06
369.072033,6526,6524,0,24,6.06
369.172053,6526,6524,0,24,6.06
369.272037,6526,6524,0,24,6.08
369.372054,6526,6524,0,24,6.08
369.472031,6526,6520,0,24,6.07
369.572054,6526,6524,0,24,6.07
369.672038,6526,6524,0,24,6.06
369.772061,6526,6524,0,24,6.06
369.872031,6526,6524,0,24,6.06
369.972055,6526,6524,0,24,6.07
370.072033,6526,6524,0,24,6.07
370.172054,6526,6524,0,24,6.07
370.27203,6526,6520,0,24,6.06
370.372061,6526,6524,0,24,6.06
370.472047,6526,6520,0,24,6.07
370.572061,6526,6524,0,24,6.07
370.671987,6526,6524,0,24,6.07
370.772062,6526,6524,0,24,6.07
370.872029,6526,6524,0,24,6.07
370.972021,6526,6524,0,24,6.07
371.072047,6526,6524,0,24,6.07
371.172073,6526,6524,0,24,6.07
371.271988,6526,6524,0,24,6.07
371.372028,6526,6524,0,24,6.07
371.472029,6526,6524,0,24,6.07
371.572052,6526,6524,0,24,6.07
371.672029,6526,6524,0,24,6.06
371.772059,6526,6520,204,24,6.06
371.872029,6526,6524,204,24,6.06
371.972051,6526,6524,204,24,6.07
372.072056,6526,6524,0,24,6.07
372.172053,6526,6524,0,24,6.07
372.272029,6526,6524,0,24,6.07
372.372052,6526,6524,0,24,6.07
372.472038,6526,6524,0,24,6.07
372.572053,6526,6524,0,24,6.07
372.67203,6526,6524,0,24,6.06
372.772055,6526,6524,0,24,6.06
372.872028,6526,6524,0,24,6.06
372.972061,6526,6524,0,24,6.01
373.072011,6526,6520,102,24,6.01
373.172053,6526,6524,102,24,6.01
373.272031,6526,6524,102,24,5.99
373.372061,6526,6524,0,24,5.99
373.47203,6526,6524,0,24,6.02
373.572052,6526,6524,0,24,6.02
373.672037,6526,6524,0,24,6.05
373.772056,6526,6524,0,24,6.05
373.872029,6526,6524,0,24,6.05
373.972053,6526,6524,0,24,6.07
374.072063,6526,6524,0,24,6.07
374.172061,6526,6524,0,24,6.07
374.272032,6526,6524,0,24,6.05
374.372061,6526,6524,0,24,6.05
374.472029,6526,6524,0,24,6.08
374.572055,6526,6524,0,24,6.08
374.672029,6526,6524,0,24,6.07
374.772061,6526,6524,0,24,6.07
374.87203,6526,6524,0,24,6.07
374.972055,6526,6524,0,24,6.06
375.072055,6526,6524,0,24,6.06
375.172059,6526,6524,0,24,6.06
375.27203,6526,6524,0,24,6.04
375.37206,6526,6524,204,24,6.04
375.472028,6526,6524,204,24,6.07
375.572061,6526,6524,204,24,6.07
375.672048,6526,6524,204,24,6.06
375.772054,6526,6524,0,24,6.06
375.872029,6526,6524,0,24,6.06
375.972052,6526,6524,0,24,6.05
376.07206,6526,6524,0,24,6.05
376.172053,6526,6524,0,24,6.05
376.272048,6526,6524,0,24,6.08
376.372053,6526,6524,0,24,6.08
376.472041,6526,6524,0,24,6.06
376.572052,6526,6524,0,24,6.06
376.672057,6526,6524,0,24,6.08
376.772052,6526,6524,204,24,6.08
376.872055,6526,6524,204,24,6.08
376.972053,6526,6524,204,24,6.07
377.072058,6526,6524,0,24,6.07
377.172052,6526,6524,0,24,6.07
377.272018,6526,6524,0,24,6.06
377.372052,6526,6524,0,24,6.06
377.47203,6526,6524,0,24,6.05
377.572054,6526,6524,0,24,6.05
377.672018,6526,6524,0,24,6.06
377.772053,6526,6524,0,24,6.06
377.872022,6526,6524,0,24,6.06
377.972061,6526,6524,0,24,6.08
378.072001,6526,6524,0,24,6.08
378.172053,6526,6524,0,24,6.08
378.272022,6526,6524,0,24,6.07
378.372052,6526,6524,0,24,6.07
378.472023,6526,6524,0,24,6.08
378.572054,6526,6524,0,24,6.08
378.672036,6526,6524,0,24,6.07
378.772064,6526,6524,0,24,6.07
378.872009,6526,6524,0,24,6.07
378.972053,6526,6524,0,24,6.07
379.072027,6526,6524,0,24,6.07
379.172053,6526,6524,0,24,6.07
379.272035,6526,6524,0,24,6.08
379.372053,6526,6524,0,24,6.08
379.472034,6526,6524,0,24,6.07
379.572055,6526,6524,0,24,6.07
379.672035,6526,6524,0,24,6.05
379.772049,6526,6524,0,24,6.05
379.872036,6526,6524,0,24,6.05
379.972067,6526,6524,0,24,6.04
380.072062,6526,6524,95,24,6.04
380.172053,6526,6520,95,24,6.04
380.272035,6526,6520,95,24,6.05
380.37206,6526,6524,0,24,6.05
380.472006,6526,6524,0,24,6.05
380.572054,6526,6524,0,24,6.05
380.672034,6526,6524,0,24,6.05
380.772028,6526,6524,0,24,6.05
380.872,6526,6524,0,24,6.05
380.972026,6526,6524,0,24,6.06
381.072031,6526,6524,0,24,6.06
381.172065,6526,6524,0,24,6.06
381.272004,6526,6524,0,24,6.07
381.372067,6526,6524,0,24,6.07
381.472065,6526,6524,0,24,6.05
381.572051,6526,6524,0,24,6.05
381.672053,6526,6524,0,24,6.07
381.772052,6526,6524,0,24,6.07
381.872057,6526,6524,0,24,6.07
381.972052,6526,6524,0,24,6.07
382.072081,6526,6524,0,24,6.07
382.172061,6526,6524,0,24,6.07
382.272045,6526,6524,0,24,6.06
382.372052,6526,6524,0,24,6.06
382.472046,6526,6524,0,24,6.06
382.572061,6526,6524,0,24,6.06
382.672047,6526,6524,0,24,6.03
382.772059,6526,6524,0,24,6.03
382.872047,6526,6524,0,24,6.03
382.972066,6526,6524,0,24,6.07
383.072052,6526,6524,0,24,6.07
383.172059,6526,6524,0,24,6.07
383.272054,6526,6520,0,24,6.06
383.372061,6526,6524,0,24,6.06
383.472038,6526,6520,0,24,6.06
383.57206,6526,6520,0,24,6.06
383.672043,6526,6524,0,24,6.06
383.772042,6526,6520,0,24,6.06
383.872048,6526,6524,0,24,6.06
383.972052,6526,6524,0,24,6.05
384.072068,6526,6524,0,24,6.05
384.172043,6526,6524,0,24,6.05
384.272051,6526,6524,0,24,6.07
384.372015,6526,6524,0,24,6.07
384.472045,6526,6524,0,24,6.06
384.572055,6526,6524,0,24,6.06
384.67205,6526,6524,0,24,6.07
384.772053,6526,6524,0,24,6.07
384.87205,6526,6524,0,24,6.07
384.972053,6526,6524,0,24,6.08
385.072078,6526,6524,0,24,6.08
385.172015,6526,6524,0,24,6.08
385.272052,6526,6524,0,24,6.07
385.372052,6526,6524,0,24,6.07
385.472044,6526,6524,0,24,6.07
385.572052,6526,6524,0,24,6.07
385.672034,6526,6524,0,24,6.08
385.772055,6526,6524,0,24,6.08
385.87204,6526,6524,0,24,6.08
385.972051,6526,6524,0,24,6.06
386.072052,6526,6524,0,24,6.06
386.172053,6526,6524,0,24,6.06
386.272029,6526,6524,0,24,6.05
386.372053,6526,6524,0,24,6.05
386.472029,6526,6524,0,24,6.06
386.572062,6526,6524,0,24,6.06
386.672033,6526,6524,0,24,6.04
386.772015,6526,6524,0,24,6.04
386.872041,6526,6524,0,24,6.04
386.972075,6526,6524,0,24,6.07
387.072055,6526,6524,0,24,6.07
387.172098,6526,6524,0,24,6.07
387.272045,6526,6524,0,24,6.05
387.372088,6526,6524,0,24,6.05
387.472043,6526,6524,0,24,6.06
387.57207,6526,6524,0,24,6.06
387.672044,6526,6524,0,24,6.07
387.772053,6526,6524,0,24,6.07
387.872044,6526,6524,0,24,6.07
387.972053,6526,6524,0,24,6.07
388.072062,6526,6524,0,24,6.07
388.172053,6526,6524,0,24,6.07
388.272043,6526,6524,0,24,6.08
388.372052,6526,6524,0,24,6.08
388.472044,6526,6524,0,24,6.05
388.572054,6526,6524,0,24,6.05
388.672044,6526,6524,0,24,6.07
388.77206,6526,6524,0,24,6.07
388.872043,6526,6524,0,24,6.07
388.972052,6526,6524,0,24,6.06
389.072057,6526,6524,0,24,6.06
389.172052,6526,6524,0,24,6.06
389.272045,6526,6524,0,24,6.06
389.372052,6526,6524,0,24,6.06
389.472045,6526,6524,0,24,6.07
389.57206,6526,6524,0,24,6.07
389.672044,6526,6524,0,24,6.07
389.772055,6526,6524,0,24,6.07
389.872045,6526,6524,0,24,6.07
389.97206,6526,6524,0,24,6.06
390.072058,6526,6524,0,24,6.06
390.17205,6526,6524,0,24,6.06
390.272047,6526,6524,0,24,6.06
390.372054,6526,6524,0,24,6.06
390.472044,6526,6524,0,24,6.06
390.572052,6526,6524,0,24,6.06
390.672045,6526,6524,0,24,6.06
390.772053,6526,6524,0,24,6.06
390.872044,6526,6524,0,24,6.06
390.972053,6526,6524,0,24,6.06
391.072054,6526,6524,0,24,6.06
391.172053,6526,6524,0,24,6.06
391.272043,6526,6524,0,24,6.07
391.372051,6526,6524,0,24,6.07
391.472044,6526,6524,0,24,6.08
391.57206,6526,6524,0,24,6.08
391.672045,6526,6524,0,24,6.07
391.772052,6526,6524,0,24,6.07
391.872045,6526,6524,0,24,6.07
391.97206,6526,6524,0,24,6.07
392.072055,6526,6524,0,24,6.07
392.172052,6526,6524,0,24,6.07
392.272047,6526,6524,0,24,6.07
392.372053,6526,6524,0,24,6.07
392.472072,6526,6524,0,24,6.06
392.572051,6526,6524,0,24,6.06
392.672074,6526,6524,0,24,6.05
392.772052,6526,6524,0,24,6.05
392.872058,6526,6524,0,24,6.05
392.97206,6526,6524,0,24,6.07
393.072057,6526,6524,0,24,6.07
393.172053,6526,6524,0,24,6.07
393.272044,6526,6524,0,24,6.06
393.372052,6526,6524,0,24,6.06
393.472052,6526,6524,0,24,6.04
393.572051,6526,6524,0,24,6.04
393.672046,6526,6524,0,24,6.06
393.772053,6526,6524,0,24,6.06
393.872045,6526,6524,0,24,6.06
393.972051,6526,6524,0,24,6.08
394.072053,6526,6524,0,24,6.08
394.172061,6526,6524,0,24,6.08
394.272044,6526,6524,0,24,6.07
394.372058,6526,6524,0,24,6.07
394.472045,6526,6524,0,24,6.07
394.572053,6526,6524,0,24,6.07
394.672053,6526,6524,0,24,6.07
394.772051,6526,6524,0,24,6.07
394.872045,6526,6524,0,24,6.07
394.972052,6526,6524,0,24,6.07
395.072057,6526,6524,0,24,6.07
395.172066,6526,6524,0,24,6.07
395.272044,6526,6524,0,24,6.06
395.372051,6526,6524,0,24,6.06
395.472044,6526,6524,0,24,6.07
395.572052,6526,6524,0,24,6.07
395.672047,6526,6524,0,24,6.07
395.772052,6526,6524,0,24,6.07
395.872044,6526,6524,0,24,6.07
395.972044,6526,6524,0,24,6.06
396.072053,6526,6524,0,24,6.06
396.172061,6526,6524,0,24,6.06
396.272044,6526,6524,0,24,6.05
396.372015,6526,6524,0,24,6.05
396.472047,6526,6524,0,24,6.05
396.572052,6526,6524,0,24,6.05
396.672046,6526,6524,0,24,6.04
396.77206,6526,6524,0,24,6.04
396.872054,6526,6524,0,24,6.04
396.972052,6526,6524,0,24,6.06
397.072047,6526,6524,0,24,6.06
397.172031,6526,6524,0,24,6.06
397.272045,6526,6524,0,24,6.06
397.372016,6526,6524,0,24,6.06
397.472044,6526,6524,0,24,6.07
397.572095,6526,6524,0,24,6.07
397.672022,6526,6524,0,24,6.06
397.772067,6526,6524,0,24,6.06
397.872033,6526,6524,0,24,6.06
397.972059,6526,6524,0,24,6.06
398.072057,6526,6524,0,24,6.06
398.172068,6526,6524,0,24,6.06
398.272044,6526,6524,0,24,6.05
398.372061,6526,6524,0,24,6.05
398.472043,6526,6524,0,24,6.07
398.572051,6526,6524,0,24,6.07
398.672052,6526,6524,0,24,6.07
398.772053,6526,6524,0,24,6.07
398.872054,6526,6524,0,24,6.07
398.972052,6526,6524,0,24,6.07
399.072043,6526,6524,0,24,6.07
399.172052,6526,6524,0,24,6.07
399.272044,6526,6524,0,24,6.06
399.372061,6526,6524,0,24,6.06
399.472044,6526,6524,0,24,6.07
399.572051,6526,6524,0,24,6.07
399.672044,6526,6524,0,24,6.06
399.772058,6526,6524,0,24,6.06
399.872044,6526,6524,0,24,6.06
399.972051,6526,6524,0,24,6.06
400.072054,6526,6524,0,24,6.06
400.172047,6526,6524,0,24,6.06
400.272046,6526,6524,0,24,6.06
400.372053,6526,6524,0,24,6.06
400.472045,6526,6524,0,24,6.07
400.572059,6526,6524,0,24,6.07
400.672045,6526,6524,0,24,6.06
400.772052,6526,6524,0,24,6.06
400.872045,6526,6524,0,24,6.06
400.972055,6526,6524,0,24,6.06
401.072044,6526,6524,0,24,6.06
401.172053,6526,6524,0,24,6.06
401.272052,6526,6524,0,24,6.07
401.372051,6526,6524,0,24,6.07
401.472044,6526,6524,0,24,6.06
401.572052,6526,6524,0,24,6.06
401.672045,6526,6524,0,24,6.06
401.772053,6526,6524,0,24,6.06
401.872044,6526,6524,0,24,6.06
401.972052,6526,6524,0,24,6.07
402.072044,6526,6524,0,24,6.07
402.172052,6526,6524,0,24,6.07
402.27205,6526,6524,0,24,6.06
402.372059,6526,6524,0,24,6.06
402.472027,6526,6524,0,24,6.05
402.572052,6526,6524,0,24,6.05
402.672052,6526,6524,0,24,6.06
402.772051,6526,6524,0,24,6.06
402.872029,6526,6524,0,24,6.06
402.972052,6526,6524,0,24,6.06
403.072029,6526,6524,0,24,6.06
403.172051,6526,6524,0,24,6.06
403.272038,6526,6524,0,24,6.06
403.372051,6526,6520,163,24,6.06
403.472028,6526,6524,163,24,6.06
403.572053,6526,6524,163,24,6.06
403.672027,6526,6524,163,24,6.06
403.772053,6526,6524,0,24,6.06
403.87203,6526,6524,0,24,6.06
403.972053,6526,6524,0,24,6.08
404.072037,6526,6524,0,24,6.08
404.172054,6526,6520,0,24,6.08
404.272029,6526,6524,0,24,6.08
404.372052,6526,6524,0,24,6.08
404.472028,6526,6524,0,24,6.07
404.572053,6526,6524,0,24,6.07
404.672029,6526,6524,0,24,6.08
404.772053,6526,6524,0,24,6.08
404.872028,6526,6524,0,24,6.08
404.972052,6526,6524,0,24,6.06
405.072028,6526,6524,0,24,6.06
405.172053,6526,6524,0,24,6.06
405.272029,6526,6524,0,24,6.07
405.372053,6526,6524,0,24,6.07
405.472028,6526,6524,0,24,6.07
405.572061,6526,6524,0,24,6.07
405.672037,6526,6524,0,24,6.06
405.77205,6526,6524,0,24,6.06
405.872027,6526,6524,0,24,6.06
405.972012,6526,6524,0,24,6.07
406.072028,6526,6524,0,24,6.07
406.17206,6526,6524,0,24,6.07
406.272029,6526,6524,0,24,6.08
406.372043,6526,6524,0,24,6.08
406.472028,6526,6524,0,24,6.08
406.572077,6526,6524,0,24,6.08
406.672028,6526,6524,0,24,6.06
406.772053,6526,6524,0,24,6.06
406.872028,6526,6524,0,24,6.06
406.972049,6526,6524,0,24,6.05
407.072028,6526,6524,0,24,6.05
407.172053,6526,6524,0,24,6.05
407.272031,6526,6524,0,24,6.06
407.372055,6526,6524,0,24,6.06
407.472029,6526,6524,0,24,6.06
407.572062,6526,6524,0,24,6.06
407.672032,6526,6524,0,24,6.04
407.772061,6526,6524,0,24,6.04
407.872028,6526,6524,0,24,6.04
407.972041,6526,6524,0,24,6.03
408.072031,6526,6524,0,24,6.03
408.172054,6526,6524,0,24,6.03
408.27203,6526,6524,0,24,6.05
408.37206,6526,6524,0,24,6.05
408.472029,6526,6524,0,24,6.06
408.572057,6526,6524,0,24,6.06
408.672028,6526,6524,0,24,6.01
408.772102,6526,6524,0,24,6.01
408.87203,6526,6524,0,24,6.01
408.972077,6526,6524,0,24,6.05
409.07203,6526,6524,0,24,6.05
409.172068,6526,6524,0,24,6.05
409.272029,6526,6524,0,24,6.06
409.372052,6526,6524,0,24,6.06
409.47203,6526,6524,0,24,6.07
409.572054,6526,6524,0,24,6.07
409.672033,6526,6524,0,24,6.07
409.772053,6526,6524,0,24,6.07
409.872045,6526,6524,0,24,6.07
409.972062,6526,6524,0,24,6.05
410.072065,6526,6524,0,24,6.05
410.172053,6526,6524,0,24,6.05
410.272057,6526,6524,0,24,6.05
410.372053,6526,6524,0,24,6.05
410.472045,6526,6524,0,24,6.04
410.572053,6526,6524,0,24,6.04
410.672028,6526,6524,0,24,6.08
410.772052,6526,6524,0,24,6.08
410.872028,6526,6524,0,24,6.08
410.972054,6526,6524,0,24,6.07
411.072037,6526,6524,0,24,6.07
411.172052,6526,6524,0,24,6.07
411.272028,6526,6524,0,24,6.08
411.372055,6526,6524,0,24,6.08
411.472028,6526,6524,0,24,6.06
411.572053,6526,6524,0,24,6.06
411.672028,6526,6524,0,24,6.06
411.772053,6526,6524,0,24,6.06
411.872029,6526,6524,0,24,6.06
411.972063,6526,6524,0,24,6.07
412.072029,6526,6524,0,24,6.07
412.172061,6526,6524,0,24,6.07
412.272029,6526,6524,0,24,6.05
412.372053,6526,6524,0,24,6.05
412.472029,6526,6524,0,24,6
412.572053,6526,6524,0,24,6
412.672029,6526,6524,0,24,6.07
412.772053,6526,6524,0,24,6.07
412.872038,6526,6524,0,24,6.07
412.97204,6526,6524,0,24,6.06
413.072042,6526,6524,0,24,6.06
413.172057,6526,6524,0,24,6.06
413.272038,6526,6520,0,24,6.07
413.372069,6526,6524,0,24,6.07
413.472028,6526,6524,0,24,6.06
413.572052,6526,6524,0,24,6.06
413.672028,6526,6524,0,24,6.06
413.772052,6526,6524,0,24,6.06
413.87203,6526,6524,0,24,6.06
413.972055,6526,6524,0,24,6.03
414.072028,6526,6524,0,24,6.03
414.172053,6526,6524,0,24,6.03
414.272029,6526,6524,0,24,6.06
414.372053,6526,6524,0,24,6.06
414.472029,6526,6524,0,24,6.06
414.572059,6526,6520,0,24,6.06
414.672028,6526,6524,0,24,6.04
414.772055,6526,6524,0,24,6.04
414.872029,6526,6524,0,24,6.04
414.972053,6526,6524,0,24,6.07
415.072029,6526,6524,0,24,6.07
415.172053,6526,6524,0,24,6.07
415.272031,6526,6520,0,24,6.08
415.372056,6526,6524,0,24,6.08
415.472029,6526,6524,0,24,6.03
415.572063,6526,6524,0,24,6.03
415.672041,6526,6524,0,24,6.05
415.772072,6526,6524,0,24,6.05
415.872031,6526,6524,0,24,6.05
415.972054,6526,6524,0,24,6.05
416.072031,6526,6524,0,24,6.05
416.172055,6526,6524,0,24,6.05
416.27203,6526,6524,0,24,6.06
416.372053,6526,6524,0,24,6.06
416.472033,6526,6524,0,24,6.04
416.572055,6526,6524,0,24,6.04
416.672043,6526,6524,0,24,6.03
416.772054,6526,6524,0,24,6.03
416.87203,6526,6520,0,24,6.03
416.972057,6526,6524,0,24,6.05
417.072031,6526,6524,0,24,6.05
417.172054,6526,6524,0,24,6.05
417.27203,6526,6524,0,24,6.06
417.372057,6526,6524,0,24,6.06
417.472031,6526,6524,0,24,6.07
417.572055,6526,6524,0,24,6.07
417.672044,6526,6524,0,24,6.07
417.772054,6526,6524,0,24,6.07
417.872039,6526,6524,0,24,6.07
417.972055,6526,6524,0,24,6.07
418.072041,6526,6524,0,24,6.07
418.172054,6526,6524,0,24,6.07
418.272036,6526,6524,0,24,6.08
418.372055,6526,6524,0,24,6.08
418.472056,6526,6524,0,24,6.07
418.572054,6526,6524,0,24,6.07
418.672045,6526,6524,0,24,6.07
418.772054,6526,6524,0,24,6.07
418.872059,6526,6524,0,24,6.07
418.972054,6526,6524,0,24,6.06
419.072048,6526,6524,0,24,6.06
419.172055,6526,6524,0,24,6.06
419.272032,6526,6524,0,24,6.07
419.372056,6526,6524,0,24,6.07
419.472031,6526,6524,0,24,6.07
419.572054,6526,6524,0,24,6.07
419.671997,6526,6524,0,24,6.06
419.772056,6526,6524,0,24,6.06
419.872052,6526,6524,0,24,6.06
419.972055,6526,6524,0,24,6.08
420.072063,6526,6524,0,24,6.08
420.172055,6526,6524,0,24,6.08
420.272046,6526,6524,0,24,6.05
420.372054,6526,6524,0,24,6.05
420.472047,6526,6524,0,24,6.03
420.572062,6526,6524,0,24,6.03
420.671997,6526,6524,0,24,6.05
420.772043,6526,6520,163,24,6.05
420.872031,6526,6524,163,24,6.05
420.972043,6526,6524,163,24,6.04
421.072031,6526,6524,0,24,6.04
421.172055,6526,6524,0,24,6.04
421.272029,6526,6524,0,24,6.06
421.372044,6526,6524,0,24,6.06
421.47203,6526,6524,0,24,6.03
421.572054,6526,6524,0,24,6.03
421.67199,6526,6524,0,24,6.07
421.772054,6526,6524,0,24,6.07
421.872031,6526,6520,0,24,6.07
421.972055,6526,6524,0,24,6.06
422.072029,6526,6524,0,24,6.06
422.172062,6526,6524,0,24,6.06
422.272039,6526,6524,0,24,6.06
422.372064,6526,6524,0,24,6.06
422.47203,6526,6524,0,24,6.07
422.572053,6526,6524,0,24,6.07
422.67203,6526,6524,0,24,6.05
422.772054,6526,6524,0,24,6.05
422.872031,6526,6524,0,24,6.05
422.972061,6526,6524,0,24,6.08
423.072038,6526,6524,0,24,6.08
423.172054,6526,6524,0,24,6.08
423.272031,6526,6524,0,24,6.07
423.372053,6526,6524,163,24,6.07
423.472028,6526,6524,163,24,6.08
423.572058,6526,6520,163,24,6.08
423.672029,6526,6524,163,24,6.06
423.772062,6526,6524,0,24,6.06
423.872029,6526,6524,0,24,6.06
423.972054,6526,6524,0,24,6.03
424.072037,6526,6524,0,24,6.03
424.172056,6526,6524,0,24,6.03
424.272031,6526,6524,0,24,6.05
424.372053,6526,6524,0,24,6.05
424.47203,6526,6520,0,24,6.07
424.572059,6526,6524,0,24,6.07
424.672032,6526,6524,0,24,6.06
424.772042,6526,6524,0,24,6.06
424.87203,6526,6524,0,24,6.06
424.972055,6526,6524,0,24,6.06
425.072029,6526,6524,0,24,6.06
425.172039,6526,6524,0,24,6.06
425.272029,6526,6524,0,24,6.05
425.372046,6526,6524,163,24,6.05
425.472029,6526,6524,163,24,6.05
425.572083,6526,6524,163,24,6.05
425.672038,6526,6524,163,24,6.05
425.772057,6526,6524,0,24,6.05
425.872029,6526,6524,0,24,6.05
425.972054,6526,6520,0,24,6.06
426.072036,6526,6520,163,24,6.06
426.172053,6526,6524,163,24,6.06
426.272028,6526,6524,163,24,6.07
426.372052,6526,6524,0,24,6.07
426.472037,6526,6524,0,24,6.07
426.57213,6526,6524,0,24,6.07
426.672028,6526,6524,0,24,6.07
426.772052,6526,6520,93,24,6.07
426.872037,6526,6524,93,24,6.07
426.972053,6526,6524,93,24,6.07
427.072029,6526,6520,204,24,6.07
427.172052,6526,6524,204,24,6.07
427.272037,6526,6524,204,24,6.07
427.372059,6526,6524,0,24,6.07
427.472038,6526,6524,0,24,6.06
427.572131,6526,6524,0,24,6.06
427.672031,6526,6524,0,24,6.07
427.772054,6526,6524,0,24,6.07
427.87203,6526,6524,0,24,6.07
427.972054,6526,6524,0,24,6.05
428.072048,6526,6520,327,24,6.05
428.172054,6526,6520,327,24,6.05
428.272031,6526,6524,327,24,6.07
428.372054,6526,6524,0,24,6.07
428.472031,6526,6524,0,24,6.03
428.572054,6526,6524,0,24,6.03
428.67203,6526,6520,0,24,6.06
428.772052,6526,6524,0,24,6.06
428.872038,6526,6520,0,24,6.06
428.972056,6526,6524,0,24,6.05
429.072031,6526,6524,0,24,6.05
429.172054,6526,6524,0,24,6.05
429.27203,6526,6524,0,24,6.07
429.372053,6526,6520,204,24,6.07
429.472029,6526,6524,204,24,6.05
429.572064,6526,6524,204,24,6.05
429.672031,6526,6524,204,24,6.06
429.772053,6526,6524,0,24,6.06
429.87203,6526,6524,0,24,6.06
429.972054,6526,6524,0,24,6.07
430.072039,6526,6524,0,24,6.07
430.172053,6526,6524,0,24,6.07
430.27203,6526,6524,0,24,6.05
430.37206,6526,6524,93,24,6.05
430.472038,6526,6520,93,24,6.04
430.572064,6526,6524,93,24,6.04
430.672031,6526,6524,93,24,6.06
430.772056,6526,6520,0,24,6.06
430.87203,6526,6520,0,24,6.06
430.972062,6526,6520,0,24,6.06
431.07203,6526,6524,0,24,6.06
431.172073,6526,6524,0,24,6.06
431.272031,6526,6524,0,24,6.06
431.372073,6526,6524,0,24,6.06
431.472028,6526,6524,0,24,5.99
431.572075,6526,6524,0,24,5.99
431.672038,6526,6524,0,24,6.07
431.772048,6526,6524,0,24,6.07
431.87203,6526,6524,0,24,6.07
431.972042,6526,6524,0,24,6.04
432.072037,6526,6524,0,24,6.04
432.172078,6526,6524,0,24,6.04
432.27203,6526,6524,0,24,6.07
432.37207,6526,6520,0,24,6.07
432.47203,6526,6524,0,24,6.06
432.572054,6526,6524,0,24,6.06
432.672031,6526,6524,0,24,6.08
432.772065,6526,6524,0,24,6.08
432.872031,6526,6524,0,24,6.08
432.972015,6526,6524,0,24,6.07
433.071992,6526,6524,0,24,6.07
433.172013,6526,6524,0,24,6.07
433.272017,6526,6524,0,24,6.07
433.372015,6526,6524,0,24,6.07
433.47203,6526,6524,0,24,6.08
433.572054,6526,6524,0,24,6.08
433.671992,6526,6524,0,24,6.06
433.772066,6526,6524,0,24,6.06
433.87203,6526,6524,0,24,6.06
433.972055,6526,6524,0,24,6.03
434.07203,6526,6524,0,24,6.03
434.172055,6526,6524,0,24,6.03
434.272031,6526,6524,0,24,6.07
434.372063,6526,6524,0,24,6.07
434.47203,6526,6524,0,24,6.06
434.572055,6526,6524,0,24,6.06
434.672006,6526,6524,0,24,6.07
434.772054,6526,6524,0,24,6.07
434.87203,6526,6524,0,24,6.07
434.972055,6526,6524,0,24,6.05
435.072048,6526,6524,0,24,6.05
435.172062,6526,6524,0,24,6.05
435.272029,6526,6524,0,24,6.06
435.372055,6526,6524,0,24,6.06
435.472029,6526,6520,0,24,6.07
435.572057,6526,6524,0,24,6.07
435.672049,6526,6524,0,24,6.07
435.772061,6526,6524,0,24,6.07
435.872028,6526,6524,0,24,6.07
435.972064,6526,6524,0,24,6.08
436.07203,6526,6524,0,24,6.08
436.172053,6526,6524,0,24,6.08
436.27203,6526,6524,0,24,6.05
436.372053,6526,6524,0,24,6.05
436.472029,6526,6524,0,24,6.05
436.572053,6526,6524,0,24,6.05
436.672017,6526,6524,0,24,6.03
436.772073,6526,6524,0,24,6.03
436.872032,6526,6524,0,24,6.03
436.972054,6526,6524,0,24,6.06
437.07203,6526,6524,0,24,6.06
437.172062,6526,6524,0,24,6.06
437.272031,6526,6524,0,24,6.05
437.372054,6526,6524,0,24,6.05
437.47203,6526,6524,0,24,6.06
437.572055,6526,6524,0,24,6.06
437.672058,6526,6524,0,24,6.08
437.772054,6526,6524,0,24,6.08
437.87203,6526,6524,0,24,6.08
437.972068,6526,6524,0,24,6.05
438.072001,6526,6524,0,24,6.05
438.172052,6526,6524,0,24,6.05
438.272069,6526,6524,0,24,6.07
438.372064,6526,6524,0,24,6.07
438.472076,6526,6524,0,24,6.06
438.572055,6526,6524,0,24,6.06
438.672046,6526,6524,0,24,6.07
438.772053,6526,6524,0,24,6.07
438.872029,6526,6524,0,24,6.07
438.972052,6526,6524,0,24,6.06
439.072028,6526,6524,0,24,6.06
439.172054,6526,6524,0,24,6.06
439.272029,6526,6524,0,24,6.03
439.372055,6526,6524,0,24,6.03
439.47203,6526,6524,0,24,6.05
439.572053,6526,6524,0,24,6.05
439.672056,6526,6524,0,24,6.07
439.772052,6526,6524,0,24,6.07
439.87203,6526,6524,0,24,6.07
439.972054,6526,6524,0,24,6.07
440.072037,6526,6524,0,24,6.07
440.172051,6526,6524,0,24,6.07
440.272029,6526,6524,0,24,6.06
440.372062,6526,6524,0,24,6.06
440.472037,6526,6524,0,24,6.06
440.572052,6526,6524,0,24,6.06
440.672057,6526,6524,0,24,6.04
440.77206,6526,6524,0,24,6.04
440.872038,6526,6524,0,24,6.04
440.972054,6526,6524,0,24,6.08
441.07203,6526,6524,0,24,6.08
441.172053,6526,6524,0,24,6.08
441.272029,6526,6524,0,24,6.06
441.372051,6526,6520,0,24,6.06
441.472029,6526,6524,0,24,6.07
441.572052,6526,6524,0,24,6.07
441.672045,6526,6524,0,24,6.06
441.772053,6526,6524,0,24,6.06
441.872031,6526,6524,0,24,6.06
441.972053,6526,6524,0,24,6.05
442.072038,6526,6524,0,24,6.05
442.172053,6526,6524,0,24,6.05
442.27203,6526,6524,0,24,6.04
442.372054,6526,6524,0,24,6.04
442.472028,6526,6524,0,24,6.08
442.572054,6526,6524,0,24,6.08
442.672039,6526,6524,0,24,6.07
442.772054,6526,6520,0,24,6.07
442.872041,6526,6520,0,24,6.07
442.972052,6526,6524,0,24,6.01
443.072065,6526,6524,0,24,6.01
443.172053,6526,6524,0,24,6.01
443.272029,6526,6524,0,24,6.08
443.372053,6526,6524,0,24,6.08
443.472029,6526,6524,0,24,6.07
443.572052,6526,6524,0,24,6.07
443.672046,6526,6524,0,24,6.06
443.772052,6526,6524,0,24,6.06
443.872029,6526,6524,0,24,6.06
443.972052,6526,6524,0,24,6.08
444.072028,6526,6524,0,24,6.08
444.172053,6526,6524,0,24,6.08
444.27203,6526,6524,0,24,6.04
444.372052,6526,6524,0,24,6.04
444.472037,6526,6524,0,24,6.07
444.572053,6526,6524,0,24,6.07
444.672045,6526,6524,0,24,6.05
444.77206,6526,6524,0,24,6.05
444.872029,6526,6524,0,24,6.05
444.97207,6526,6524,0,24,6.06
445.072045,6526,6524,0,24,6.06
445.172059,6526,6524,0,24,6.06
445.272031,6526,6524,0,24,6.07
445.37206,6526,6524,0,24,6.07
445.472044,6526,6524,0,24,6.07
445.57206,6526,6524,0,24,6.07
445.67203,6526,6524,0,24,6.07
445.772016,6526,6524,0,24,6.07
445.872029,6526,6524,0,24,6.07
445.972054,6526,6524,0,24,6.06
446.07203,6526,6524,0,24,6.06
446.172044,6526,6524,0,24,6.06
446.272025,6526,6524,0,24,6.08
446.372055,6526,6524,0,24,6.08
446.472029,6526,6524,0,24,6.06
446.572042,6526,6524,0,24,6.06
446.67199,6526,6524,0,24,6.07
446.772055,6526,6524,0,24,6.07
446.872028,6526,6524,0,24,6.07
446.972053,6526,6524,0,24,6.08
447.072029,6526,6524,0,24,6.08
447.172054,6526,6524,0,24,6.08
447.272028,6526,6524,0,24,6.07
447.372052,6526,6524,0,24,6.07
447.472029,6526,6524,0,24,6.06
447.572052,6526,6524,0,24,6.06
447.672029,6526,6524,0,24,6.07
447.772053,6526,6520,163,24,6.07
447.872028,6526,6524,163,24,6.07
447.972051,6526,6524,163,24,6.05
448.07203,6526,6524,0,24,6.05
448.172052,6526,6524,0,24,6.05
448.272028,6526,6524,0,24,6.03
448.372053,6526,6524,0,24,6.03
448.472028,6526,6524,0,24,6.07
448.572052,6526,6524,0,24,6.07
448.672031,6526,6524,0,24,6.07
448.772052,6526,6524,0,24,6.07
448.872036,6526,6524,0,24,6.07
448.972053,6526,6524,0,24,6.06
449.072029,6526,6524,0,24,6.06
449.172053,6526,6524,0,24,6.06
449.272036,6526,6524,0,24,6.05
449.372053,6526,6524,0,24,6.05
449.47203,6526,6524,0,24,6.04
449.572053,6526,6524,0,24,6.04
449.672028,6526,6520,0,24,6.06
449.772055,6526,6520,163,24,6.06
449.872027,6526,6524,163,24,6.06
449.972054,6526,6524,163,24,6.07
450.072036,6526,6524,0,24,6.07
450.172047,6526,6524,0,24,6.07
450.27203,6526,6524,0,24,6.07
450.372063,6526,6524,0,24,6.07
450.472029,6526,6524,0,24,6.06
450.572053,6526,6524,0,24,6.06
450.672028,6526,6524,0,24,6.04
450.772048,6526,6524,0,24,6.04
450.872033,6526,6524,0,24,6.04
450.972053,6526,6524,0,24,6.06
451.072029,6526,6524,0,24,6.06
451.172071,6526,6524,0,24,6.06
451.272029,6526,6524,0,24,6.07
451.372082,6526,6524,0,24,6.07
451.472029,6526,6524,0,24,6.07
451.572092,6526,6524,0,24,6.07
451.672029,6526,6524,0,24,6.07
451.772081,6526,6524,0,24,6.07
451.872029,6526,6524,0,24,6.07
451.972068,6526,6524,0,24,6.08
452.072028,6526,6524,0,24,6.08
452.172051,6526,6524,0,24,6.08
452.272028,6526,6524,0,24,6.07
452.372055,6526,6524,0,24,6.07
452.47203,6526,6524,0,24,6.06
452.572053,6526,6524,0,24,6.06
452.67203,6526,6524,0,24,6.07
452.772054,6526,6524,0,24,6.07
452.87203,6526,6524,0,24,6.07
452.972053,6526,6524,0,24,6.06
453.072029,6526,6524,0,24,6.06
453.172052,6526,6524,0,24,6.06
453.27203,6526,6524,0,24,6.06
453.372053,6526,6524,0,24,6.06
453.472027,6526,6524,0,24,6.08
453.572007,6576,6524,0,24,6.08
453.671982,6701,6620,0,24,7.34
453.772009,6838,6764,1226,24,7.34
453.871984,6975,6916,1226,24,7.34
453.972008,7112,7044,1226,24,7.35
454.071983,7249,7164,1411,24,7.35
454.172007,7386,7316,1411,24,7.35
454.271983,7523,7464,1411,24,7.34
454.372042,7660,7612,127,24,7.34
454.471983,7797,7724,127,24,7.35
454.572031,7934,7872,127,24,7.35
454.671984,8071,8012,127,24,7.37
454.772007,8208,8160,704,24,7.37
454.871989,8345,8296,704,24,7.37
454.972007,8482,8420,704,24,7.39
455.071983,8619,8552,998,24,7.39
455.172006,8756,8700,998,24,7.39
455.271992,8893,8864,998,24,7.35
455.372008,9030,8980,557,24,7.35
455.471985,9167,9112,557,24,7.37
455.572018,9304,9244,557,24,7.37
455.671983,9441,9400,557,24,7.37
455.772011,9578,9544,1,24,7.37
455.871983,9715,9680,1,24,7.37
455.972009,9852,9828,1,24,7.38
456.071983,9989,9964,286,24,7.38
456.171974,10126,10104,286,24,7.38
456.271984,10263,10236,286,24,7.39
456.37204,10400,10396,291,24,7.39
456.471982,10537,10528,291,24,7.39
456.572026,10625,10636,291,24,7.39
456.671983,10637,10660,291,24,7.38
456.77203,10637,10672,423,24,7.38
456.871985,10637,10680,423,24,7.38
456.972023,10638,10680,423,24,7.37
457.071985,10638,10676,583,24,7.37
457.172009,10638,10676,583,24,7.37
457.271984,10638,10676,583,24,7.34
457.372009,10638,10688,989,24,7.34
457.471992,10638,10692,989,24,7.28
457.572008,10638,10688,989,24,7.28
457.671982,10638,10680,989,24,7.3
457.772005,10638,10676,1073,24,7.3
457.871984,10638,10684,1073,24,7.3
457.972009,10638,10680,1073,24,7.36
458.071985,10638,10680,805,24,7.36
458.172009,10638,10672,805,24,7.36
458.271983,10638,10668,805,24,7.33
458.372002,10638,10668,941,24,7.33
458.471986,10638,10664,941,24,7.34
458.572003,10638,10660,941,25,7.34
458.671983,10638,10656,941,25,7.37
458.772009,10638,10660,530,25,7.37
458.871985,10638,10656,530,25,7.37
458.972007,10638,10660,530,25,7.37
459.071991,10638,10664,791,25,7.37
459.172008,10638,10660,791,25,7.37
459.271983,10638,10672,791,25,7.35
459.372008,10638,10680,1199,25,7.35
459.471983,10638,10680,1199,25,7.27
459.57201,10638,10708,1199,25,7.27
459.671984,10638,10716,1199,25,5.95
459.772007,10638,10728,2216,25,5.95
459.871985,10636,10724,2216,25,5.95
459.972008,10529,10716,2216,25,5.74
460.071992,10338,10576,3497,25,5.74
460.172008,10322,10440,3497,25,5.74
460.272004,10477,10464,3497,25,6.06
460.372006,10613,10616,0,25,6.06
460.471983,10637,10680,0,25,6.05
460.57201,10637,10708,0,25,6.05
460.671985,10637,10704,0,25,6
460.772008,10638,10696,1064,25,6
460.871983,10638,10696,1064,25,6
460.972007,10638,10692,1064,25,6.01
461.071983,10638,10692,1124,25,6.01
461.17201,10624,10684,1124,25,6.01
461.271983,10539,10636,1124,25,5.99
461.372007,10431,10556,2211,25,5.99
461.471987,10347,10440,2211,25,5.94
461.572009,10329,10392,2211,24,5.94
461.671983,10335,10388,2211,24,6.02
461.772007,10349,10392,1102,24,6.02
461.871993,10361,10408,1102,24,6.02
461.972007,10362,10404,1102,24,5.97
462.071983,10351,10416,1088,24,5.97
462.172008,10364,10412,1088,24,5.97
462.271983,10413,10440,1088,24,6.02
462.372007,10467,10488,650,24,6.02
462.471983,10482,10528,650,24,5.99
462.572008,10454,10528,650,24,5.99
462.671983,10406,10532,650,24,5.83
462.772007,10365,10500,1945,24,5.83
462.871983,10340,10476,1945,24,5.83
462.972006,10349,10444,1945,24,5.87
463.071992,10393,10444,796,24,5.87
463.172007,10453,10484,796,24,5.87
463.271983,10505,10536,796,24,6.03
463.372007,10550,10588,863,24,6.03
463.471984,10584,10628,863,24,5.99
463.572008,10621,10656,863,24,5.99
463.671983,10636,10700,863,24,6
463.772008,10637,10704,1361,24,6
463.871984,10637,10704,1361,24,6
463.972006,10637,10700,1361,24,5.97
464.071985,10638,10712,1260,24,5.97
464.172006,10638,10708,1260,24,5.97
464.271983,10638,10708,1260,24,5.95
464.372006,10638,10704,914,24,5.95
464.471984,10638,10712,914,24,5.98
464.572008,10638,10700,914,24,5.98
464.672008,10638,10692,914,24,5.98
464.772007,10638,10696,946,24,5.98
464.872012,10638,10704,946,24,5.98
464.972007,10638,10692,946,24,6
465.072021,10638,10688,1185,24,6
465.172006,10638,10684,1185,24,6
465.272,10638,10696,1185,24,6
465.372006,10638,10696,527,24,6
465.471981,10638,10688,527,24,6.01
465.572007,10638,10680,527,24,6.01
465.671984,10638,10680,527,24,5.99
465.772007,10638,10696,1015,24,5.99
465.87199,10638,10704,1015,24,5.99
465.972008,10638,10688,1015,24,6
466.071983,10638,10688,1315,24,6
466.172007,10638,10680,1315,24,6
466.271986,10638,10688,1315,24,6.03
466.372008,10638,10688,975,24,6.03
466.471992,10638,10692,975,24,6
466.572008,10638,10684,975,24,6
466.671983,10638,10672,975,24,6
466.772007,10638,10680,633,24,6
466.871993,10638,10692,633,24,6
466.972006,10638,10684,633,24,6.02
467.071984,10638,10684,1109,24,6.02
467.172007,10638,10668,1109,24,6.02
467.271967,10638,10680,1109,24,6.04
467.372007,10638,10688,1173,24,6.04
467.47201,10638,10688,1173,24,6.01
467.572016,10638,10684,1173,24,6.01
467.672045,10638,10680,1173,24,6
467.772006,10638,10676,1267,24,6
467.871999,10638,10680,1267,24,6
467.972008,10638,10684,1267,24,6.02
468.071984,10638,10692,846,24,6.02
468.172009,10638,10680,846,24,6.02
468.271983,10638,10680,846,24,6
468.372006,10638,10684,680,24,6
468.471984,10638,10676,680,24,6.03
468.572005,10638,10688,680,24,6.03
468.671984,10638,10692,680,24,5.99
468.772008,10638,10680,952,24,5.99
468.871991,10638,10672,952,24,5.99
468.972007,10638,10676,952,24,6.04
469.071985,10638,10672,708,24,6.04
469.172008,10638,10676,708,24,6.04
469.271987,10638,10684,708,24,6.02
469.372005,10638,10684,1095,24,6.02
469.472009,10638,10676,1095,24,6.01
469.572006,10638,10680,1095,24,6.01
469.672011,10638,10680,1095,24,6.04
469.772009,10638,10684,585,24,6.04
469.872007,10638,10688,585,24,6.04
469.972006,10638,10684,585,24,5.99
470.071983,10638,10680,1455,24,5.99
470.172006,10638,10680,1455,24,5.99
470.271984,10638,10696,1455,24,6.02
470.372006,10638,10692,1209,24,6.02
470.471981,10638,10688,1209,24,6
470.572006,10638,10684,1209,24,6
470.67199,10638,10680,1209,24,6.04
470.772009,10638,10692,982,24,6.04
470.871983,10638,10692,982,24,6.04
470.972007,10638,10684,982,24,6
471.071983,10638,10684,965,24,6
471.172008,10638,10680,965,24,6
471.271982,10638,10696,965,24,6
471.371975,10638,10696,1167,24,6
471.471982,10638,10692,1167,24,5.98
471.572008,10638,10688,1167,24,5.98
471.671985,10638,10712,1167,24,6.04
471.77201,10638,10704,1235,24,6.04
471.871983,10638,10700,1235,24,6.04
471.972007,10638,10696,1235,24,5.98
472.071983,10638,10708,1206,24,5.98
472.172014,10638,10708,1206,24,5.98
472.271982,10638,10700,1206,24,5.94
472.372006,10638,10696,1240,24,5.94
472.471983,10638,10704,1240,24,6
472.572005,10638,10708,1240,24,6
472.671983,10638,10704,1240,24,5.94
472.772029,10638,10700,1496,24,5.94
472.871984,10638,10704,1496,24,5.94
472.972007,10638,10700,1496,24,5.97
473.071984,10638,10696,1438,24,5.97
473.172015,10638,10692,1438,24,5.97
473.271982,10638,10704,1438,24,6
473.372008,10638,10704,1433,24,6
473.471983,10638,10700,1433,24,5.95
473.572006,10638,10696,1433,24,5.95
473.671983,10638,10704,1433,24,5.98
473.772008,10638,10704,993,24,5.98
473.871983,10638,10700,993,24,5.98
473.972007,10638,10696,993,24,5.97
474.071985,10638,10708,1313,24,5.97
474.172009,10638,10700,1313,24,5.97
474.271983,10638,10692,1313,24,5.98
474.372007,10638,10696,1071,24,5.98
474.471983,10638,10700,1071,24,6
474.572008,10638,10704,1071,24,6
474.671984,10638,10696,1071,24,5.98
474.772001,10638,10700,1385,24,5.98
474.871982,10638,10704,1385,24,5.98
474.972014,10638,10704,1385,24,5.96
475.071983,10638,10704,1660,24,5.96
475.172009,10638,10704,1660,24,5.96
475.271983,10638,10700,1660,24,5.98
475.372007,10638,10704,950,24,5.98
475.471983,10638,10700,950,24,5.97
475.572007,10638,10692,950,24,5.97
475.671992,10638,10704,950,24,5.99
475.772009,10638,10700,1213,24,5.99
475.871982,10638,10688,1213,24,5.99
475.972008,10638,10684,1213,24,5.97
476.07199,10638,10684,909,24,5.97
476.172014,10638,10692,909,24,5.97
476.271981,10638,10696,909,24,6.01
476.372007,10638,10688,1363,24,6.01
476.471983,10638,10688,1363,24,5.99
476.572007,10638,10696,1363,24,5.99
476.671982,10638,10700,1363,24,5.99
476.772006,10638,10696,1209,24,5.99
476.871982,10638,10688,1209,24,5.99
476.972008,10638,10680,1209,24,5.99
477.071985,10638,10680,726,24,5.99
477.172015,10638,10696,726,24,5.99
477.271984,10638,10692,726,24,6.01
477.371987,10638,10684,870,24,6.01
477.471986,10638,10676,870,24,6.01
477.572007,10638,10676,870,24,6.01
477.671983,10638,10684,870,24,6.04
477.772038,10638,10688,994,24,6.04
477.871983,10638,10680,994,24,6.04
477.972038,10638,10684,994,24,5.99
478.071984,10638,10680,1281,24,5.99
478.172007,10638,10676,1281,24,5.99
478.271984,10638,10680,1281,24,6.02
478.372007,10638,10680,1016,24,6.02
478.471984,10638,10672,1016,24,6.03
478.572008,10638,10672,1016,24,6.03
478.671983,10638,10680,1016,24,5.99
478.772007,10638,10672,595,24,5.99
478.871992,10638,10676,595,24,5.99
478.972007,10638,10688,595,24,6.02
479.071983,10638,10692,1129,24,6.02
479.172009,10638,10692,1129,24,6.02
479.271983,10638,10692,1129,24,5.94
479.372015,10638,10704,1078,24,5.94
479.471985,10638,10696,1078,24,5.94
479.572003,10638,10692,1078,24,5.94
479.671984,10638,10688,1078,24,5.98
479.771996,10638,10692,846,24,5.98
479.871996,10638,10692,846,24,5.98
479.972027,10638,10684,846,24,6.01
480.071983,10638,10684,1252,24,6.01
480.172008,10638,10680,1252,24,6.01
480.271982,10638,10688,1252,24,6.03
480.372008,10638,10700,1121,24,6.03
480.471984,10638,10696,1121,24,6
480.572006,10638,10692,1121,24,6
480.67199,10638,10688,1121,24,5.98
480.77201,10638,10704,832,24,5.98
480.871984,10638,10696,832,24,5.98
480.972008,10638,10692,832,24,6
481.071983,10638,10688,1313,24,6
481.172006,10638,10676,1313,24,6
481.271984,10638,10692,1313,24,6.02
481.372031,10638,10696,1226,24,6.02
481.471983,10638,10688,1226,24,6.02
481.572008,10638,10680,1226,24,6.02
481.671985,10638,10676,1226,24,6.01
481.771973,10638,10676,556,24,6.01
481.871984,10638,10672,556,24,6.01
481.972012,10638,10676,556,24,6.04
482.071984,10638,10672,924,24,6.04
482.172022,10638,10672,924,24,6.04
482.271991,10638,10664,924,24,6.01
482.37204,10638,10676,1197,24,6.01
482.471984,10638,10684,1197,24,6.05
482.572031,10638,10688,1197,24,6.05
482.671992,10638,10688,1197,24,6.01
482.771972,10638,10684,1083,24,6.01
482.871983,10638,10676,1083,24,6.01
482.97198,10638,10692,1083,24,6.05
483.071949,10638,10704,1022,24,6.05
483.171983,10638,10696,1022,24,6.05
483.271984,10638,10688,1022,24,5.98
483.371992,10638,10692,1279,24,5.98
483.471966,10638,10696,1279,24,6.01
483.572009,10638,10696,1279,24,6.01
483.671949,10638,10688,1279,24,6
483.771987,10638,10684,1238,24,6
483.872012,10638,10680,1238,24,6
483.972048,10638,10684,1238,24,6.01
484.072009,10638,10692,1028,24,6.01
484.172043,10638,10692,1028,24,6.01
484.272,10638,10684,1028,24,5.97
484.372031,10638,10676,1027,24,5.97
484.471999,10638,10676,1027,24,6.04
484.571974,10638,10676,1027,24,6.04
484.67195,10623,10684,1027,24,6
484.772007,10527,10640,1335,24,6
484.871983,10433,10524,1335,24,6
484.972007,10402,10468,1335,24,6.01
485.071984,10348,10408,1165,24,6.01
485.172007,10279,10332,1165,24,6.01
485.271982,10238,10280,1165,24,6.02
485.372006,10214,10252,339,24,6.02
485.471982,10107,10184,339,24,6.03
485.571975,9972,10044,339,24,6.03
485.671956,9834,9896,339,24,6.04
485.772006,9697,9760,1146,24,6.04
485.871983,9560,9624,1146,24,6.04
485.972007,9423,9480,1146,24,6.07
486.07199,9286,9332,871,24,6.07
486.172008,9149,9188,871,24,6.07
486.271983,9012,9052,871,24,6.06
486.372008,8877,8952,436,24,6.06
486.472016,8816,8848,436,24,6.05
486.572035,8810,8816,436,24,6.05
486.672007,8810,8812,436,24,6.07
486.772046,8810,8804,93,24,6.07
486.872015,8810,8804,93,24,6.07
486.972037,8809,8804,93,24,6.08
487.072008,8738,8788,819,24,6.08
487.172038,8607,8672,819,24,6.08
487.272015,8470,8528,819,24,6.05
487.372038,8333,8376,59,24,6.05
487.472008,8196,8224,59,24,6.06
487.572037,8059,8120,59,24,6.06
487.672015,7935,7980,59,24,6.05
487.772036,7898,7904,93,24,6.05
487.872009,7896,7900,93,24,6.05
487.972038,7896,7900,93,24,6.07
488.072008,7896,7900,0,24,6.07
488.172037,7896,7900,0,24,6.07
488.272007,7896,7900,0,24,6.07
488.372036,7896,7900,0,24,6.07
488.472009,7896,7900,0,24,6.07
488.572038,7896,7900,0,24,6.07
488.672015,7896,7896,0,24,6.07
488.772037,7896,7896,0,24,6.07
488.872007,7896,7900,0,24,6.07
488.972037,7896,7900,0,24,6.07
489.072009,7896,7900,0,24,6.07
489.172037,7896,7900,0,24,6.07
489.272007,7896,7900,0,24,6.07
489.372037,7896,7900,0,24,6.07
489.472007,7896,7900,0,24,6.07
489.572037,7896,7896,0,24,6.07
489.672008,7896,7896,0,24,6.07
489.772037,7896,7900,0,24,6.07
489.872002,7896,7900,0,24,6.07
489.972037,7896,7900,0,24,6.08
490.072013,7896,7900,0,24,6.08
490.172047,7896,7900,0,24,6.08
490.272041,7896,7900,0,24,6.08
